SMAVE_REQUEST_CONDITIONED_ROUTING_MODEL 2
FEATURES 15 "sparse:log_rows" "sparse:log_nonzeros" "sparse:log_average_row_nonzeros" "sparse:log_diagonal_condition" "sparse:log_coefficient_dynamic_range" "sparse:row_nonzero_coefficient_of_variation" "sparse:log_row_l1_condition" "sparse:diagonal_dominance_fraction" "sparse:mean_diagonal_row_l1_fraction" "sparse:normalized_mean_bandwidth" "sparse:structurally_symmetric" "sparse:numerically_positive_definite" "sparse:right_hand_side_roughness" "sparse:right_hand_side_sign_change_fraction" "sparse:requested_digits"
MEANS 6.6689092219823776 8.9832323192622656 2.4379861762962403 17.26755668618814 20.547151717002887 0.45739667068279494 7.8681117967297363 0.17443115982124874 0.24598511156407527 0.12093645520447957 0.62790697674418605 0.33887043189368771 0.08332402445459168 0.45300123336039094 8
SCALES 1.1048415404827079 1.6692486526592154 0.80904600659284287 15.285713617568559 16.897219529487309 0.22790116233073146 4.1345723468765403 0.30151120968286688 0.1907175837242682 0.071059301993227797 0.48336301606573423 0.47332574648108483 0.216868120114702 0.27666528047528832 2
ACTION "accelerate-sparse-qr-cpu-v1" 0 240 6 4 1 0.87594311455878693 0.00054289871540191825 4.7238985203831803 0.67959365658571169 -1.002042191237503 1
COST 0.021498177337554748 0.23386784964702492 0.20391731544042099 0.096364344971908503 0.12169458200106845 0.16810444994917706 -0.039311374959882996 0.24773665703900855 0.1239808641549956 -0.1343157288837796 -0.32682433737135064 -0.054479312831116615 0.12629385624377576 0.059634970468761449 0.23903991556217252 -0.11814448484287111
PASS 6.5746003214616735 0.032003789885013428 0.016773734273706951 -0.008082125564883854 0.011098256295479345 0.021365193097041477 -0.025967546618749948 0.044440731139430478 0.083385602659136374 0.012924131269157348 -0.052932564733183744 0.0034000357913449618 -0.01855277600794536 0.019343011761549823 -0.0017223190654414692 -2.2230607589420564e-05
SUPPORT_MIN -1.1299124598127199 -1.0843444886968527 -1.0386407662179606 -0.98093448978583331 -1.1749864823496998 -1.4841094935466868 -1.6118085338229042 -0.57852296770232037 -1.2897872695352026 -1.4302239841260564 -1.2990381056766551 -0.71593492306937023 -0.38421518298998419 -1.6373620592441953 -1
SUPPORT_MAX 1.6501653873570299 1.8483068388156065 2.0656101464502687 1.2805293420661459 3.1446340130741501 1.3902138422012733 1.5555330160674865 2.6962267121263959 1.3318907152441288 2.9940090456323607 0.76980035891949938 1.3967749969686734 5.5303500096529445 1.977113881799371 1
JOINT_SUPPORT 12 10 1.4862485767307572 0 1 2 3 4 5 6 7 8 9 10 11 -0.61542563361207681 -0.60325366979476747 -0.39594673581808904 -0.98093448978583331 -0.9164717940817646 -0.51094521032440843 -1.2923246179115258 0.52146363580117272 1.3200957677678178 0.7965355929944371 0.76980035891949972 -0.71593492306937001 1.6501653873570294 1.5466336723784568 0.84088870608356492 -0.89553318215687094 -0.89142011377408592 -0.92126919108490957 -1.049901859643493 -0.57852296770231981 0.26008380056123426 -1.3072288500528944 0.76980035891949972 1.3967749969686734 -1.1299124598127201 -1.0843444886968523 -0.64566366376872952 1.2805293420661459 -0.060363880429244607 1.3902138422012746 0.157109663401797 -0.41637679429699059 -1.0001234529953604 -0.24281154731488055 -1.299038105676656 -0.71593492306937001 -0.072392955476595883 0.87825912242986015 1.7854539520550943 -0.48300789196099603 1.926049777131071 -0.29797962871652989 0.52450646200907147 -0.57852296770231981 -0.037648485324816627 0.018569829872197324 0.76980035891949972 1.3967749969686734 1.366720978110846 0.61696720734597332 -0.56288420258068927 -0.58649548720622524 -0.68363741209285067 -1.4841094935466881 0.10507593006835367 2.6962267121263932 1.3318907152441286 -1.4302239841260571 0.76980035891949972 -0.71593492306937001 -0.44813948420523764 -0.86232176941862826 -1.03864076621796 1.2805293420661459 0.41302579850522436 1.0526792986558415 1.5555330160674858 -0.54390265168770691 -1.2598439799438115 1.4116072674831914 -1.299038105676656 -0.71593492306937001 0.01534312791911847 0.94135508740905516 1.7954589354389074 1.2805293420661459 -1.1749864823497 -1.3985293877127492 -1.6118085338229036 -0.57852296770231981 -1.2897872695352033 2.9940090456323638 0.76980035891949972 -0.71593492306937001 -0.61090008833386367 -0.61363286085651336 -0.42020879687075674 -0.9336478775355912 1.9429557214006834 -0.17336306928502404 -1.2740949405088196 -0.50389887653282239 1.297120158299478 0.84246815831502087 -1.299038105676656 -0.71593492306937001 -0.38795914265165793 -0.69900630664680008 -0.83136614822928956 -0.82489483672395281 -0.85125298892727752 -1.4031480178123419 -0.94341821404465043 -0.16394468342732946 1.0414305919409308 -1.3842258510412273 -1.299038105676656 -0.71593492306937001 1.1832852711096158 1.8483068388156074 2.0656101464502687 -0.42232678481163466 3.1446340130741524 0.19225509771368812 0.44865622044562425 -0.54661041248665065 0.043734255121816439 -0.74490837418667066 0.76980035891949972 1.3967749969686734
FAMILY_PRIORS 3 "nonsymmetric" 2 2 -0.38911210156752052 1 0.75 0 2.7362026423394559 0.96032279131992071 "spd" 2 1 0.44861109902654939 1 0 0 1.3793392165447287 1 "symmetric-indefinite" 2 1 -0.59200540940016577 1 0 0 0.75323797034257622 1
ACTION "gmres-ilu0-cpu-v1" 20 160 4 3 1 0.89242195692077741 0.30901990482546005 2.5664244855618645 1 0.15230319005981841 1
COST -2.6200917198940172 0.1679855174624949 0.10814359182326547 -0.006343694142561215 0.076589017993914169 0.019820904228980182 -0.055801827072063763 0.11337120833646563 0.2109782513097305 -0.026496569717673227 -0.30513583110837833 -0.033341487144157862 4.1407655899741392e-15 0.098106569390712828 0.02048273057412359 -0.076396263501774433
PASS -4.0062477182088347 2.6809809669614402 2.9838876721543133 2.3297116877680653 0.022602053056298321 1.8212549033602727 -0.88449294620208663 1.5126345723362151 -0.53672968615498629 -1.1090841883975888 -2.5263872081864163 0.46476860128078196 2.8682126519326876 -1.7251212053055827 4.6870575886101031 -3.9919314305817526
SUPPORT_MIN -1.1299124598127199 -1.0843444886968527 -1.0386407662179606 -0.98093448978583331 -1.1749864823496998 -1.4841094935466868 -1.6118085338229042 -0.57852296770232037 -1.2897872695352026 -1.4302239841260564 -1.2990381056766551 -0.71593492306937023 -0.38420695119381348 -1.6192443853542526 -1
SUPPORT_MAX 1.3667209781108447 0.94135508740905538 1.7954589354389077 1.2805293420661459 1.9429557214006836 1.3902138422012733 1.5555330160674865 2.6962267121263959 1.3318907152441288 2.9940090456323607 0.76980035891949938 -0.71593492306937023 5.5303500096529445 1.977113881799371 1
JOINT_SUPPORT 12 7 1.4862485767307572 0 1 2 3 4 5 6 7 8 9 10 11 -0.61542563361207681 -0.60325366979476747 -0.39594673581808904 -0.98093448978583331 -0.9164717940817646 -0.51094521032440843 -1.2923246179115258 0.52146363580117272 1.3200957677678178 0.7965355929944371 0.76980035891949972 -0.71593492306937001 -1.1299124598127201 -1.0843444886968523 -0.64566366376872952 1.2805293420661459 -0.060363880429244607 1.3902138422012746 0.157109663401797 -0.41637679429699059 -1.0001234529953604 -0.24281154731488055 -1.299038105676656 -0.71593492306937001 1.366720978110846 0.61696720734597332 -0.56288420258068927 -0.58649548720622524 -0.68363741209285067 -1.4841094935466881 0.10507593006835367 2.6962267121263932 1.3318907152441286 -1.4302239841260571 0.76980035891949972 -0.71593492306937001 -0.44813948420523764 -0.86232176941862826 -1.03864076621796 1.2805293420661459 0.41302579850522436 1.0526792986558415 1.5555330160674858 -0.54390265168770691 -1.2598439799438115 1.4116072674831914 -1.299038105676656 -0.71593492306937001 0.01534312791911847 0.94135508740905516 1.7954589354389074 1.2805293420661459 -1.1749864823497 -1.3985293877127492 -1.6118085338229036 -0.57852296770231981 -1.2897872695352033 2.9940090456323638 0.76980035891949972 -0.71593492306937001 -0.61090008833386367 -0.61363286085651336 -0.42020879687075674 -0.9336478775355912 1.9429557214006834 -0.17336306928502404 -1.2740949405088196 -0.50389887653282239 1.297120158299478 0.84246815831502087 -1.299038105676656 -0.71593492306937001 -0.38795914265165793 -0.69900630664680008 -0.83136614822928956 -0.82489483672395281 -0.85125298892727752 -1.4031480178123419 -0.94341821404465043 -0.16394468342732946 1.0414305919409308 -1.3842258510412273 -1.299038105676656 -0.71593492306937001
FAMILY_PRIORS 2 "nonsymmetric" 2 2 -2.9957760940622342 0 0 1 7.2409920255102023 1 "symmetric-indefinite" 2 1 -2.3670801784496271 0.1875 1 1 0.084677409209402588 1
ACTION "gmres-ilu0-cpu-v1" 50 160 4 3 1 0.33764715775302456 0.1635283336130077 0.91845132439722499 0.9476286093126931 0.29020770298275211 1
COST -2.4804250181947625 0.22833821833803458 0.14468647113288263 -0.01245984449877151 0.08760640284259158 0.027988601700842816 -0.08582384012649541 0.15851136844679681 0.27440926363019169 -0.026466406595537596 -0.36462016777367384 -0.032862422075655172 6.4815492106323272e-15 0.11246249191362638 0.0011180444484909936 -0.015559159154383962
PASS -2.9158773676792773 1.7561986365673592 2.0975525835498603 1.7918459393850314 -0.32188249771626876 1.1325580852576091 -0.76796188029943124 0.61013657530988896 -0.44885915557757422 -0.46678031220932181 -1.6963510077147632 0.61477245854286677 2.0875784389091852 0.040550565494201295 -0.053534177724002097 -4.669394192694476
SUPPORT_MIN -1.1299124598127199 -1.0843444886968527 -1.0386407662179606 -0.98093448978583331 -1.1749864823496998 -1.4841094935466868 -1.6118085338229042 -0.57852296770232037 -1.2897872695352026 -1.4302239841260564 -1.2990381056766551 -0.71593492306937023 -0.38420695119381348 -1.6192443853542526 -1
SUPPORT_MAX 1.3667209781108447 0.94135508740905538 1.7954589354389077 1.2805293420661459 1.9429557214006836 1.3902138422012733 1.5555330160674865 2.6962267121263959 1.3318907152441288 2.9940090456323607 0.76980035891949938 -0.71593492306937023 5.5303500096529445 1.977113881799371 1
JOINT_SUPPORT 12 7 1.4862485767307572 0 1 2 3 4 5 6 7 8 9 10 11 -0.61542563361207681 -0.60325366979476747 -0.39594673581808904 -0.98093448978583331 -0.9164717940817646 -0.51094521032440843 -1.2923246179115258 0.52146363580117272 1.3200957677678178 0.7965355929944371 0.76980035891949972 -0.71593492306937001 -1.1299124598127201 -1.0843444886968523 -0.64566366376872952 1.2805293420661459 -0.060363880429244607 1.3902138422012746 0.157109663401797 -0.41637679429699059 -1.0001234529953604 -0.24281154731488055 -1.299038105676656 -0.71593492306937001 1.366720978110846 0.61696720734597332 -0.56288420258068927 -0.58649548720622524 -0.68363741209285067 -1.4841094935466881 0.10507593006835367 2.6962267121263932 1.3318907152441286 -1.4302239841260571 0.76980035891949972 -0.71593492306937001 -0.44813948420523764 -0.86232176941862826 -1.03864076621796 1.2805293420661459 0.41302579850522436 1.0526792986558415 1.5555330160674858 -0.54390265168770691 -1.2598439799438115 1.4116072674831914 -1.299038105676656 -0.71593492306937001 0.01534312791911847 0.94135508740905516 1.7954589354389074 1.2805293420661459 -1.1749864823497 -1.3985293877127492 -1.6118085338229036 -0.57852296770231981 -1.2897872695352033 2.9940090456323638 0.76980035891949972 -0.71593492306937001 -0.61090008833386367 -0.61363286085651336 -0.42020879687075674 -0.9336478775355912 1.9429557214006834 -0.17336306928502404 -1.2740949405088196 -0.50389887653282239 1.297120158299478 0.84246815831502087 -1.299038105676656 -0.71593492306937001 -0.38795914265165793 -0.69900630664680008 -0.83136614822928956 -0.82489483672395281 -0.85125298892727752 -1.4031480178123419 -0.94341821404465043 -0.16394468342732946 1.0414305919409308 -1.3842258510412273 -1.299038105676656 -0.71593492306937001
FAMILY_PRIORS 2 "nonsymmetric" 2 2 -3.035410083065107 0 1 1 7.2757798827613511 1 "symmetric-indefinite" 2 1 -1.9340852738192646 0.25 1 0 0.10182195591731996 1
ACTION "gmres-ilu0-cpu-v1" 100 160 4 3 1 0.56261788280021063 0.24199386566186945 0.86249409707684044 1 0.58300163086669532 1
COST -2.4025096533400063 0.24269936853867272 0.15384970344001897 -0.013086318998367314 0.084381656617328812 0.027533557791867343 -0.097072122581207745 0.16446887596035389 0.29069132352107974 -0.020611100634169814 -0.37546228655803165 -0.027596595474852662 4.0131191166618469e-15 0.12631200142312721 -0.029276696794457203 0.018950054086569041
PASS -1.328033767684432 1.7435811429008172 1.544279529132679 0.75070286505711492 -0.04607695178853817 0.58870140886582434 -0.87481844061701652 0.86681883414089289 0.85310385644192932 -0.11774833244577432 -1.7946724545700645 0.3574804448525396 0.95078575330068138 0.72338834352872339 -0.038397364347304827 0.00013563076041960231
SUPPORT_MIN -1.1299124598127199 -1.0843444886968527 -1.0386407662179606 -0.98093448978583331 -1.1749864823496998 -1.4841094935466868 -1.6118085338229042 -0.57852296770232037 -1.2897872695352026 -1.4302239841260564 -1.2990381056766551 -0.71593492306937023 -0.38420695119381348 -1.6192443853542526 -1
SUPPORT_MAX 1.3667209781108447 0.94135508740905538 1.7954589354389077 1.2805293420661459 1.9429557214006836 1.3902138422012733 1.5555330160674865 2.6962267121263959 1.3318907152441288 2.9940090456323607 0.76980035891949938 -0.71593492306937023 5.5303500096529445 1.977113881799371 1
JOINT_SUPPORT 12 7 1.4862485767307572 0 1 2 3 4 5 6 7 8 9 10 11 -0.61542563361207681 -0.60325366979476747 -0.39594673581808904 -0.98093448978583331 -0.9164717940817646 -0.51094521032440843 -1.2923246179115258 0.52146363580117272 1.3200957677678178 0.7965355929944371 0.76980035891949972 -0.71593492306937001 -1.1299124598127201 -1.0843444886968523 -0.64566366376872952 1.2805293420661459 -0.060363880429244607 1.3902138422012746 0.157109663401797 -0.41637679429699059 -1.0001234529953604 -0.24281154731488055 -1.299038105676656 -0.71593492306937001 1.366720978110846 0.61696720734597332 -0.56288420258068927 -0.58649548720622524 -0.68363741209285067 -1.4841094935466881 0.10507593006835367 2.6962267121263932 1.3318907152441286 -1.4302239841260571 0.76980035891949972 -0.71593492306937001 -0.44813948420523764 -0.86232176941862826 -1.03864076621796 1.2805293420661459 0.41302579850522436 1.0526792986558415 1.5555330160674858 -0.54390265168770691 -1.2598439799438115 1.4116072674831914 -1.299038105676656 -0.71593492306937001 0.01534312791911847 0.94135508740905516 1.7954589354389074 1.2805293420661459 -1.1749864823497 -1.3985293877127492 -1.6118085338229036 -0.57852296770231981 -1.2897872695352033 2.9940090456323638 0.76980035891949972 -0.71593492306937001 -0.61090008833386367 -0.61363286085651336 -0.42020879687075674 -0.9336478775355912 1.9429557214006834 -0.17336306928502404 -1.2740949405088196 -0.50389887653282239 1.297120158299478 0.84246815831502087 -1.299038105676656 -0.71593492306937001 -0.38795914265165793 -0.69900630664680008 -0.83136614822928956 -0.82489483672395281 -0.85125298892727752 -1.4031480178123419 -0.94341821404465043 -0.16394468342732946 1.0414305919409308 -1.3842258510412273 -1.299038105676656 -0.71593492306937001
FAMILY_PRIORS 2 "nonsymmetric" 2 2 -3.0224533823828668 0 1 1 5.0501959095832687 1 "symmetric-indefinite" 2 1 -1.7887763512489023 0.5 1 1 0.50688490328975222 1
ACTION "gmres-ilu0-cpu-v1" 250 160 4 3 1 0.61065044128103096 0.24199386566186945 0.91021021584313622 1 0.63290774884360279 1
COST -2.3811893140174298 0.25011316643182108 0.15825728061084107 -0.013989876383587084 0.088163682211968436 0.029290208688621099 -0.099105090337845439 0.17144417924028227 0.29847854052806166 -0.022820478276189091 -0.38541416410528939 -0.029613138335590351 4.5736540673395648e-15 0.12422239366068666 -0.034172642477870593 0.015148138915465041
PASS -1.328033767684432 1.7435811429008172 1.544279529132679 0.75070286505711492 -0.04607695178853817 0.58870140886582434 -0.87481844061701652 0.86681883414089289 0.85310385644192932 -0.11774833244577432 -1.7946724545700645 0.3574804448525396 0.95078575330068138 0.72338834352872339 -0.038397364347304827 0.00013563076041960231
SUPPORT_MIN -1.1299124598127199 -1.0843444886968527 -1.0386407662179606 -0.98093448978583331 -1.1749864823496998 -1.4841094935466868 -1.6118085338229042 -0.57852296770232037 -1.2897872695352026 -1.4302239841260564 -1.2990381056766551 -0.71593492306937023 -0.38420695119381348 -1.6192443853542526 -1
SUPPORT_MAX 1.3667209781108447 0.94135508740905538 1.7954589354389077 1.2805293420661459 1.9429557214006836 1.3902138422012733 1.5555330160674865 2.6962267121263959 1.3318907152441288 2.9940090456323607 0.76980035891949938 -0.71593492306937023 5.5303500096529445 1.977113881799371 1
JOINT_SUPPORT 12 7 1.4862485767307572 0 1 2 3 4 5 6 7 8 9 10 11 -0.61542563361207681 -0.60325366979476747 -0.39594673581808904 -0.98093448978583331 -0.9164717940817646 -0.51094521032440843 -1.2923246179115258 0.52146363580117272 1.3200957677678178 0.7965355929944371 0.76980035891949972 -0.71593492306937001 -1.1299124598127201 -1.0843444886968523 -0.64566366376872952 1.2805293420661459 -0.060363880429244607 1.3902138422012746 0.157109663401797 -0.41637679429699059 -1.0001234529953604 -0.24281154731488055 -1.299038105676656 -0.71593492306937001 1.366720978110846 0.61696720734597332 -0.56288420258068927 -0.58649548720622524 -0.68363741209285067 -1.4841094935466881 0.10507593006835367 2.6962267121263932 1.3318907152441286 -1.4302239841260571 0.76980035891949972 -0.71593492306937001 -0.44813948420523764 -0.86232176941862826 -1.03864076621796 1.2805293420661459 0.41302579850522436 1.0526792986558415 1.5555330160674858 -0.54390265168770691 -1.2598439799438115 1.4116072674831914 -1.299038105676656 -0.71593492306937001 0.01534312791911847 0.94135508740905516 1.7954589354389074 1.2805293420661459 -1.1749864823497 -1.3985293877127492 -1.6118085338229036 -0.57852296770231981 -1.2897872695352033 2.9940090456323638 0.76980035891949972 -0.71593492306937001 -0.61090008833386367 -0.61363286085651336 -0.42020879687075674 -0.9336478775355912 1.9429557214006834 -0.17336306928502404 -1.2740949405088196 -0.50389887653282239 1.297120158299478 0.84246815831502087 -1.299038105676656 -0.71593492306937001 -0.38795914265165793 -0.69900630664680008 -0.83136614822928956 -0.82489483672395281 -0.85125298892727752 -1.4031480178123419 -0.94341821404465043 -0.16394468342732946 1.0414305919409308 -1.3842258510412273 -1.299038105676656 -0.71593492306937001
FAMILY_PRIORS 2 "nonsymmetric" 2 2 -3.034548047830282 0 1 1 4.6812586473968203 1 "symmetric-indefinite" 2 1 -1.7816560205839174 0.5 1 1 0.53069210233710407 1
ACTION "gmres-ilut-cpu-v1" 20 120 3 3 1 0.63421178090318753 0.25834719156832697 757.01049979269715 1 1.3862943611198906 1
COST -2.9186064590886827 0.053231224406780166 0.077085782658382118 0.073417030466611605 -0.43095545793311985 -0.19425921455618328 -0.34010842534087704 -0.36812736062688201 0.18710147123171583 0.45922319076348295 0.089320654076839187 0.39424783865305052 3.2863995601435818e-15 -0.024517004434690057 0.000298944893371217 0.030214229573005937
PASS -1.7900559313490578 1.2604721578045155 1.4027569656765919 1.0896718447545022 -0.19994826682738071 0.70143133021666115 -0.58797519636496876 0.47284238976463872 -0.068815079806992904 -0.24734916772471374 -1.2212987720267585 0.41129395830647814 1.2815635555002585 0.5839839858733864 0.0086477756482661334 0.00066888305827695563
SUPPORT_MIN -1.1299124598127199 -1.0843444886968527 -1.0386407662179606 -0.98093448978583331 -1.1749864823496998 -1.4031480178123421 -1.6118085338229042 -0.57852296770232037 -1.2897872695352026 -1.3842258510412264 -1.2990381056766551 -0.71593492306937023 -0.38420695119381348 -1.6192443853542526 -1
SUPPORT_MAX 0.01534312791911846 0.94135508740905538 1.7954589354389077 1.2805293420661459 1.9429557214006836 1.3902138422012733 1.5555330160674865 0.52146363580117328 1.3200957677678178 2.9940090456323607 0.76980035891949938 -0.71593492306937023 2.0573233617060684 1.977113881799371 1
JOINT_SUPPORT 12 6 1.4862485767307572 0 1 2 3 4 5 6 7 8 9 10 11 -0.61542563361207681 -0.60325366979476747 -0.39594673581808904 -0.98093448978583331 -0.9164717940817646 -0.51094521032440843 -1.2923246179115258 0.52146363580117272 1.3200957677678178 0.7965355929944371 0.76980035891949972 -0.71593492306937001 -1.1299124598127201 -1.0843444886968523 -0.64566366376872952 1.2805293420661459 -0.060363880429244607 1.3902138422012746 0.157109663401797 -0.41637679429699059 -1.0001234529953604 -0.24281154731488055 -1.299038105676656 -0.71593492306937001 -0.44813948420523764 -0.86232176941862826 -1.03864076621796 1.2805293420661459 0.41302579850522436 1.0526792986558415 1.5555330160674858 -0.54390265168770691 -1.2598439799438115 1.4116072674831914 -1.299038105676656 -0.71593492306937001 0.01534312791911847 0.94135508740905516 1.7954589354389074 1.2805293420661459 -1.1749864823497 -1.3985293877127492 -1.6118085338229036 -0.57852296770231981 -1.2897872695352033 2.9940090456323638 0.76980035891949972 -0.71593492306937001 -0.61090008833386367 -0.61363286085651336 -0.42020879687075674 -0.9336478775355912 1.9429557214006834 -0.17336306928502404 -1.2740949405088196 -0.50389887653282239 1.297120158299478 0.84246815831502087 -1.299038105676656 -0.71593492306937001 -0.38795914265165793 -0.69900630664680008 -0.83136614822928956 -0.82489483672395281 -0.85125298892727752 -1.4031480178123419 -0.94341821404465043 -0.16394468342732946 1.0414305919409308 -1.3842258510412273 -1.299038105676656 -0.71593492306937001
FAMILY_PRIORS 2 "nonsymmetric" 2 2 -5.7974690740572585 0 1 1 1.7338560178298692 1 "symmetric-indefinite" 1 1 -0.25547038590706972 0 1 0 646.16210121653273 1
ACTION "gmres-ilut-cpu-v1" 50 120 3 3 1 0.66174292956636482 0.42501385823499366 708.62788224141366 1 1.3862943611198906 1
COST -2.9902463880676282 0.051246300790904017 0.077382210698952361 0.076203775773940607 -0.43775565357136981 -0.19928595435775967 -0.34407656390092028 -0.37973043708161991 0.19058220450852603 0.46754556619178 0.083875109612009793 0.4004688120354406 1.3656316973186193e-15 -0.026810757624379376 0.00021415083023300631 -0.016426043380398259
PASS -1.7900559313490578 1.2604721578045155 1.4027569656765919 1.0896718447545022 -0.19994826682738071 0.70143133021666115 -0.58797519636496876 0.47284238976463872 -0.068815079806992904 -0.24734916772471374 -1.2212987720267585 0.41129395830647814 1.2815635555002585 0.5839839858733864 0.0086477756482661334 0.00066888305827695563
SUPPORT_MIN -1.1299124598127199 -1.0843444886968527 -1.0386407662179606 -0.98093448978583331 -1.1749864823496998 -1.4031480178123421 -1.6118085338229042 -0.57852296770232037 -1.2897872695352026 -1.3842258510412264 -1.2990381056766551 -0.71593492306937023 -0.38420695119381348 -1.6192443853542526 -1
SUPPORT_MAX 0.01534312791911846 0.94135508740905538 1.7954589354389077 1.2805293420661459 1.9429557214006836 1.3902138422012733 1.5555330160674865 0.52146363580117328 1.3200957677678178 2.9940090456323607 0.76980035891949938 -0.71593492306937023 2.0573233617060684 1.977113881799371 1
JOINT_SUPPORT 12 6 1.4862485767307572 0 1 2 3 4 5 6 7 8 9 10 11 -0.61542563361207681 -0.60325366979476747 -0.39594673581808904 -0.98093448978583331 -0.9164717940817646 -0.51094521032440843 -1.2923246179115258 0.52146363580117272 1.3200957677678178 0.7965355929944371 0.76980035891949972 -0.71593492306937001 -1.1299124598127201 -1.0843444886968523 -0.64566366376872952 1.2805293420661459 -0.060363880429244607 1.3902138422012746 0.157109663401797 -0.41637679429699059 -1.0001234529953604 -0.24281154731488055 -1.299038105676656 -0.71593492306937001 -0.44813948420523764 -0.86232176941862826 -1.03864076621796 1.2805293420661459 0.41302579850522436 1.0526792986558415 1.5555330160674858 -0.54390265168770691 -1.2598439799438115 1.4116072674831914 -1.299038105676656 -0.71593492306937001 0.01534312791911847 0.94135508740905516 1.7954589354389074 1.2805293420661459 -1.1749864823497 -1.3985293877127492 -1.6118085338229036 -0.57852296770231981 -1.2897872695352033 2.9940090456323638 0.76980035891949972 -0.71593492306937001 -0.61090008833386367 -0.61363286085651336 -0.42020879687075674 -0.9336478775355912 1.9429557214006834 -0.17336306928502404 -1.2740949405088196 -0.50389887653282239 1.297120158299478 0.84246815831502087 -1.299038105676656 -0.71593492306937001 -0.38795914265165793 -0.69900630664680008 -0.83136614822928956 -0.82489483672395281 -0.85125298892727752 -1.4031480178123419 -0.94341821404465043 -0.16394468342732946 1.0414305919409308 -1.3842258510412273 -1.299038105676656 -0.71593492306937001
FAMILY_PRIORS 2 "nonsymmetric" 2 2 -5.9219032041508557 0 1 1 1.9492651485612449 1 "symmetric-indefinite" 1 1 -0.24720675342540271 0 1 0 596.66737469963061 1
ACTION "gmres-ilut-cpu-v1" 100 120 3 3 1 0.65407519380466761 0.50834719156832708 706.00376764700695 1 1.3862943611198906 1
COST -2.950799399348019 0.047681238951018612 0.075041104674385808 0.076202639533158908 -0.4292439345102444 -0.19719456895819604 -0.33611465485927638 -0.37761562118619385 0.18735698782619628 0.45943312806285647 0.076011099819593114 0.39268209816212279 1.238120841117845e-15 -0.026627664761658416 -0.011523759105331832 0.020126567942349995
PASS -1.7900559313490578 1.2604721578045155 1.4027569656765919 1.0896718447545022 -0.19994826682738071 0.70143133021666115 -0.58797519636496876 0.47284238976463872 -0.068815079806992904 -0.24734916772471374 -1.2212987720267585 0.41129395830647814 1.2815635555002585 0.5839839858733864 0.0086477756482661334 0.00066888305827695563
SUPPORT_MIN -1.1299124598127199 -1.0843444886968527 -1.0386407662179606 -0.98093448978583331 -1.1749864823496998 -1.4031480178123421 -1.6118085338229042 -0.57852296770232037 -1.2897872695352026 -1.3842258510412264 -1.2990381056766551 -0.71593492306937023 -0.38420695119381348 -1.6192443853542526 -1
SUPPORT_MAX 0.01534312791911846 0.94135508740905538 1.7954589354389077 1.2805293420661459 1.9429557214006836 1.3902138422012733 1.5555330160674865 0.52146363580117328 1.3200957677678178 2.9940090456323607 0.76980035891949938 -0.71593492306937023 2.0573233617060684 1.977113881799371 1
JOINT_SUPPORT 12 6 1.4862485767307572 0 1 2 3 4 5 6 7 8 9 10 11 -0.61542563361207681 -0.60325366979476747 -0.39594673581808904 -0.98093448978583331 -0.9164717940817646 -0.51094521032440843 -1.2923246179115258 0.52146363580117272 1.3200957677678178 0.7965355929944371 0.76980035891949972 -0.71593492306937001 -1.1299124598127201 -1.0843444886968523 -0.64566366376872952 1.2805293420661459 -0.060363880429244607 1.3902138422012746 0.157109663401797 -0.41637679429699059 -1.0001234529953604 -0.24281154731488055 -1.299038105676656 -0.71593492306937001 -0.44813948420523764 -0.86232176941862826 -1.03864076621796 1.2805293420661459 0.41302579850522436 1.0526792986558415 1.5555330160674858 -0.54390265168770691 -1.2598439799438115 1.4116072674831914 -1.299038105676656 -0.71593492306937001 0.01534312791911847 0.94135508740905516 1.7954589354389074 1.2805293420661459 -1.1749864823497 -1.3985293877127492 -1.6118085338229036 -0.57852296770231981 -1.2897872695352033 2.9940090456323638 0.76980035891949972 -0.71593492306937001 -0.61090008833386367 -0.61363286085651336 -0.42020879687075674 -0.9336478775355912 1.9429557214006834 -0.17336306928502404 -1.2740949405088196 -0.50389887653282239 1.297120158299478 0.84246815831502087 -1.299038105676656 -0.71593492306937001 -0.38795914265165793 -0.69900630664680008 -0.83136614822928956 -0.82489483672395281 -0.85125298892727752 -1.4031480178123419 -0.94341821404465043 -0.16394468342732946 1.0414305919409308 -1.3842258510412273 -1.299038105676656 -0.71593492306937001
FAMILY_PRIORS 2 "nonsymmetric" 2 2 -5.6147769385535042 0 1 1 1.8782496586762558 1 "symmetric-indefinite" 1 1 -0.27182773534229088 0 1 0 605.55378164665649 1
ACTION "gmres-ilut-cpu-v1" 250 120 3 3 1 0.67493723010354423 0.50834719156832708 651.49691535914292 1 1.3862943611198906 1
COST -3.0266460134499349 0.052761953498340404 0.078005821286483104 0.075556690515003397 -0.43869350752644443 -0.19873674595218341 -0.34550973745386954 -0.37766033362544854 0.19072754361423414 0.46801168122033787 0.08746632812794243 0.40132678212945833 3.3590660488515095e-15 -0.026089872161629796 -0.010274467088549274 -0.0014718884595816433
PASS -1.7900559313490578 1.2604721578045155 1.4027569656765919 1.0896718447545022 -0.19994826682738071 0.70143133021666115 -0.58797519636496876 0.47284238976463872 -0.068815079806992904 -0.24734916772471374 -1.2212987720267585 0.41129395830647814 1.2815635555002585 0.5839839858733864 0.0086477756482661334 0.00066888305827695563
SUPPORT_MIN -1.1299124598127199 -1.0843444886968527 -1.0386407662179606 -0.98093448978583331 -1.1749864823496998 -1.4031480178123421 -1.6118085338229042 -0.57852296770232037 -1.2897872695352026 -1.3842258510412264 -1.2990381056766551 -0.71593492306937023 -0.38420695119381348 -1.6192443853542526 -1
SUPPORT_MAX 0.01534312791911846 0.94135508740905538 1.7954589354389077 1.2805293420661459 1.9429557214006836 1.3902138422012733 1.5555330160674865 0.52146363580117328 1.3200957677678178 2.9940090456323607 0.76980035891949938 -0.71593492306937023 2.0573233617060684 1.977113881799371 1
JOINT_SUPPORT 12 6 1.4862485767307572 0 1 2 3 4 5 6 7 8 9 10 11 -0.61542563361207681 -0.60325366979476747 -0.39594673581808904 -0.98093448978583331 -0.9164717940817646 -0.51094521032440843 -1.2923246179115258 0.52146363580117272 1.3200957677678178 0.7965355929944371 0.76980035891949972 -0.71593492306937001 -1.1299124598127201 -1.0843444886968523 -0.64566366376872952 1.2805293420661459 -0.060363880429244607 1.3902138422012746 0.157109663401797 -0.41637679429699059 -1.0001234529953604 -0.24281154731488055 -1.299038105676656 -0.71593492306937001 -0.44813948420523764 -0.86232176941862826 -1.03864076621796 1.2805293420661459 0.41302579850522436 1.0526792986558415 1.5555330160674858 -0.54390265168770691 -1.2598439799438115 1.4116072674831914 -1.299038105676656 -0.71593492306937001 0.01534312791911847 0.94135508740905516 1.7954589354389074 1.2805293420661459 -1.1749864823497 -1.3985293877127492 -1.6118085338229036 -0.57852296770231981 -1.2897872695352033 2.9940090456323638 0.76980035891949972 -0.71593492306937001 -0.61090008833386367 -0.61363286085651336 -0.42020879687075674 -0.9336478775355912 1.9429557214006834 -0.17336306928502404 -1.2740949405088196 -0.50389887653282239 1.297120158299478 0.84246815831502087 -1.299038105676656 -0.71593492306937001 -0.38795914265165793 -0.69900630664680008 -0.83136614822928956 -0.82489483672395281 -0.85125298892727752 -1.4031480178123419 -0.94341821404465043 -0.16394468342732946 1.0414305919409308 -1.3842258510412273 -1.299038105676656 -0.71593492306937001
FAMILY_PRIORS 2 "nonsymmetric" 2 2 -5.8609716488881993 0 1 1 1.8919052400361862 1 "symmetric-indefinite" 1 1 -0.28717013656703605 0 1 0 574.0944882094692 1
ACTION "pcg-ic0-cpu-v1" 20 80 2 1 1 12.923417496024257 0.00017386646273869828 32.584580111985325 1 -1.3862943611198906 -1
COST -0.99139530034833578 -0.13228381461080257 -0.051327802871708052 0.072537858822450701 0.031679866889600554 0.21636751304858917 0.047865502646229102 0.12090663832064398 8.5944030446077173e-16 -0.022864341677398231 0.10181466858066099 -1.0936147495533248e-15 -5.3666310628922873e-16 0.032629601869266736 0.35184842662987809 -0.0057878402548911046
PASS -0.82723747106867263 -0.10386874783112157 -0.79006784487145787 -1.3871993693318831 0.43877892086533865 -1.3254579280043253 0.30575290213737244 -0.2842203594886063 0.47857587675721114 0.0028403345589421386 0.11067531881072804 -0.636807702140325 -1.1554646161443185 -0.2635213461585213 4.6953609893738335 -0.020784784241792767
SUPPORT_MIN -0.072392955476595938 0.87825912242986015 0.84088870608356536 -0.89553318215687128 -0.89142011377408581 -0.9212691910849089 -1.049901859643493 -0.57852296770232037 -0.037648485324816613 -1.3072288500528946 0.76980035891949938 1.3967749969686734 -0.38421518298998419 -1.6373620592441953 -1
SUPPORT_MAX 1.6501653873570299 1.8483068388156065 2.0656101464502687 -0.42232678481163488 3.1446340130741501 0.19225509771368821 0.52450646200907125 -0.54661041248665099 0.26008380056123415 0.018569829872197317 0.76980035891949938 1.3967749969686734 0.49170598908025287 1.962282220161933 1
JOINT_SUPPORT 12 3 0.64040751913261162 0 1 2 3 4 5 6 7 8 9 10 11 1.6501653873570294 1.5466336723784568 0.84088870608356492 -0.89553318215687094 -0.89142011377408592 -0.92126919108490957 -1.049901859643493 -0.57852296770231981 0.26008380056123426 -1.3072288500528944 0.76980035891949972 1.3967749969686734 -0.072392955476595883 0.87825912242986015 1.7854539520550943 -0.48300789196099603 1.926049777131071 -0.29797962871652989 0.52450646200907147 -0.57852296770231981 -0.037648485324816627 0.018569829872197324 0.76980035891949972 1.3967749969686734 1.1832852711096158 1.8483068388156074 2.0656101464502687 -0.42232678481163466 3.1446340130741524 0.19225509771368812 0.44865622044562425 -0.54661041248665065 0.043734255121816439 -0.74490837418667066 0.76980035891949972 1.3967749969686734
FAMILY_PRIORS 1 "spd" 2 1 -1.5429565533084233 0.125 1 1 12.922147661532785 1
ACTION "pcg-ic0-cpu-v1" 50 80 2 1 1 16.336283802003159 0.9994849343951826 40.705374593591777 1 -1.3862943611198906 -1
COST -0.90223039965289009 -0.15050407808660454 -0.058397496883087555 0.082528944304859214 0.036043329821971372 0.24616914151650121 0.054458312750639011 0.13755985332398352 6.2830506853276669e-16 -0.026013588097216184 0.11583822915531562 -8.7472696879515013e-16 1.3859004293215584e-16 0.039336890067180101 0.36597243818590436 0.0056373441876725501
PASS 0.33596336485499995 -1.1178991423631006 -0.12925919302683064 1.1995107234235853 0.09962150126301543 2.4357718934776669 0.29558933638125973 1.1757386789148678 -0.19436252287517045 -0.20166585805402773 0.8479310007091887 0.25862471884918159 0.46926522792692765 0.35602084284228525 4.5773853825322277 -0.021620303709866888
SUPPORT_MIN -0.072392955476595938 0.87825912242986015 0.84088870608356536 -0.89553318215687128 -0.89142011377408581 -0.9212691910849089 -1.049901859643493 -0.57852296770232037 -0.037648485324816613 -1.3072288500528946 0.76980035891949938 1.3967749969686734 -0.38421518298998419 -1.6373620592441953 -1
SUPPORT_MAX 1.6501653873570299 1.8483068388156065 2.0656101464502687 -0.42232678481163488 3.1446340130741501 0.19225509771368821 0.52450646200907125 -0.54661041248665099 0.26008380056123415 0.018569829872197317 0.76980035891949938 1.3967749969686734 0.49170598908025287 1.962282220161933 1
JOINT_SUPPORT 12 3 0.64040751913261162 0 1 2 3 4 5 6 7 8 9 10 11 1.6501653873570294 1.5466336723784568 0.84088870608356492 -0.89553318215687094 -0.89142011377408592 -0.92126919108490957 -1.049901859643493 -0.57852296770231981 0.26008380056123426 -1.3072288500528944 0.76980035891949972 1.3967749969686734 -0.072392955476595883 0.87825912242986015 1.7854539520550943 -0.48300789196099603 1.926049777131071 -0.29797962871652989 0.52450646200907147 -0.57852296770231981 -0.037648485324816627 0.018569829872197324 0.76980035891949972 1.3967749969686734 1.1832852711096158 1.8483068388156074 2.0656101464502687 -0.42232678481163466 3.1446340130741524 0.19225509771368812 0.44865622044562425 -0.54661041248665065 0.043734255121816439 -0.74490837418667066 0.76980035891949972 1.3967749969686734
FAMILY_PRIORS 1 "spd" 2 1 -1.4699134772477855 0.625 1 0 16.327943426170904 1
ACTION "pcg-ic0-cpu-v1" 100 80 2 1 1 16.075549019269953 0.9994849343951826 35.455494617698818 1 -1.3862943611198906 -1
COST -0.95345700430507463 -0.1518929772926636 -0.058936407443439455 0.083290547489829822 0.036375949062658848 0.24844086816706903 0.054960871274662253 0.13882929913233763 8.6543057574774324e-16 -0.026253649710923397 0.11690722094976121 -1.256832095583176e-15 -8.5550019895820402e-16 0.042624972436480182 0.35734018162413989 0.009333774129428065
PASS 0.33596336485499995 -1.1178991423631006 -0.12925919302683064 1.1995107234235853 0.09962150126301543 2.4357718934776669 0.29558933638125973 1.1757386789148678 -0.19436252287517045 -0.20166585805402773 0.8479310007091887 0.25862471884918159 0.46926522792692765 0.35602084284228525 4.5773853825322277 -0.021620303709866888
SUPPORT_MIN -0.072392955476595938 0.87825912242986015 0.84088870608356536 -0.89553318215687128 -0.89142011377408581 -0.9212691910849089 -1.049901859643493 -0.57852296770232037 -0.037648485324816613 -1.3072288500528946 0.76980035891949938 1.3967749969686734 -0.38421518298998419 -1.6373620592441953 -1
SUPPORT_MAX 1.6501653873570299 1.8483068388156065 2.0656101464502687 -0.42232678481163488 3.1446340130741501 0.19225509771368821 0.52450646200907125 -0.54661041248665099 0.26008380056123415 0.018569829872197317 0.76980035891949938 1.3967749969686734 0.49170598908025287 1.962282220161933 1
JOINT_SUPPORT 12 3 0.64040751913261162 0 1 2 3 4 5 6 7 8 9 10 11 1.6501653873570294 1.5466336723784568 0.84088870608356492 -0.89553318215687094 -0.89142011377408592 -0.92126919108490957 -1.049901859643493 -0.57852296770231981 0.26008380056123426 -1.3072288500528944 0.76980035891949972 1.3967749969686734 -0.072392955476595883 0.87825912242986015 1.7854539520550943 -0.48300789196099603 1.926049777131071 -0.29797962871652989 0.52450646200907147 -0.57852296770231981 -0.037648485324816627 0.018569829872197324 0.76980035891949972 1.3967749969686734 1.1832852711096158 1.8483068388156074 2.0656101464502687 -0.42232678481163466 3.1446340130741524 0.19225509771368812 0.44865622044562425 -0.54661041248665065 0.043734255121816439 -0.74490837418667066 0.76980035891949972 1.3967749969686734
FAMILY_PRIORS 1 "spd" 2 1 -1.4817707536717386 0.625 1 0 16.057966231244748 1
ACTION "pcg-ic0-cpu-v1" 250 80 2 1 1 16.007528459691372 0.9994849343951826 42.707574853360732 1 -1.3862943611198906 -1
COST -0.91120046922450892 -0.1564545550258854 -0.060706357632459518 0.085791889642637162 0.037468374283538199 0.25590192629136738 0.056611430050147217 0.1429985546892994 7.611206499901784e-16 -0.027042086846541628 0.12041812306941484 -8.7362778800399343e-16 8.2489591054018402e-17 0.045147212376010763 0.34920423642364207 -0.0070519487082347553
PASS 0.33596336485499995 -1.1178991423631006 -0.12925919302683064 1.1995107234235853 0.09962150126301543 2.4357718934776669 0.29558933638125973 1.1757386789148678 -0.19436252287517045 -0.20166585805402773 0.8479310007091887 0.25862471884918159 0.46926522792692765 0.35602084284228525 4.5773853825322277 -0.021620303709866888
SUPPORT_MIN -0.072392955476595938 0.87825912242986015 0.84088870608356536 -0.89553318215687128 -0.89142011377408581 -0.9212691910849089 -1.049901859643493 -0.57852296770232037 -0.037648485324816613 -1.3072288500528946 0.76980035891949938 1.3967749969686734 -0.38421518298998419 -1.6373620592441953 -1
SUPPORT_MAX 1.6501653873570299 1.8483068388156065 2.0656101464502687 -0.42232678481163488 3.1446340130741501 0.19225509771368821 0.52450646200907125 -0.54661041248665099 0.26008380056123415 0.018569829872197317 0.76980035891949938 1.3967749969686734 0.49170598908025287 1.962282220161933 1
JOINT_SUPPORT 12 3 0.64040751913261162 0 1 2 3 4 5 6 7 8 9 10 11 1.6501653873570294 1.5466336723784568 0.84088870608356492 -0.89553318215687094 -0.89142011377408592 -0.92126919108490957 -1.049901859643493 -0.57852296770231981 0.26008380056123426 -1.3072288500528944 0.76980035891949972 1.3967749969686734 -0.072392955476595883 0.87825912242986015 1.7854539520550943 -0.48300789196099603 1.926049777131071 -0.29797962871652989 0.52450646200907147 -0.57852296770231981 -0.037648485324816627 0.018569829872197324 0.76980035891949972 1.3967749969686734 1.1832852711096158 1.8483068388156074 2.0656101464502687 -0.42232678481163466 3.1446340130741524 0.19225509771368812 0.44865622044562425 -0.54661041248665065 0.043734255121816439 -0.74490837418667066 0.76980035891949972 1.3967749969686734
FAMILY_PRIORS 1 "spd" 2 1 -1.4629170788714643 0.625 1 0 16.006570354475553 1
ACTION "pcg-jacobi-cpu-v1" 20 80 2 1 1 0.17093837248619992 0.00017386646273869828 1.5800717474886568 1 -0.35616973947361563 -1
COST -3.1624010893067376 -0.21583856393113879 -0.083748108520793133 0.11835512398051563 0.051689898685631147 0.35303225443837122 0.078098907136901541 0.19727519395814569 1.7856385139869222e-15 -0.037306201725433925 0.16612411668222471 -3.4657915370488883e-15 7.6368467182826982e-16 0.06132235886387493 0.36739854078638001 -0.016798838491645332
PASS -0.82723747106867263 -0.10386874783112157 -0.79006784487145787 -1.3871993693318831 0.43877892086533865 -1.3254579280043253 0.30575290213737244 -0.2842203594886063 0.47857587675721114 0.0028403345589421386 0.11067531881072804 -0.636807702140325 -1.1554646161443185 -0.2635213461585213 4.6953609893738335 -0.020784784241792767
SUPPORT_MIN -0.072392955476595938 0.87825912242986015 0.84088870608356536 -0.89553318215687128 -0.89142011377408581 -0.9212691910849089 -1.049901859643493 -0.57852296770232037 -0.037648485324816613 -1.3072288500528946 0.76980035891949938 1.3967749969686734 -0.38421518298998419 -1.6373620592441953 -1
SUPPORT_MAX 1.6501653873570299 1.8483068388156065 2.0656101464502687 -0.42232678481163488 3.1446340130741501 0.19225509771368821 0.52450646200907125 -0.54661041248665099 0.26008380056123415 0.018569829872197317 0.76980035891949938 1.3967749969686734 0.49170598908025287 1.962282220161933 1
JOINT_SUPPORT 12 3 0.64040751913261162 0 1 2 3 4 5 6 7 8 9 10 11 1.6501653873570294 1.5466336723784568 0.84088870608356492 -0.89553318215687094 -0.89142011377408592 -0.92126919108490957 -1.049901859643493 -0.57852296770231981 0.26008380056123426 -1.3072288500528944 0.76980035891949972 1.3967749969686734 -0.072392955476595883 0.87825912242986015 1.7854539520550943 -0.48300789196099603 1.926049777131071 -0.29797962871652989 0.52450646200907147 -0.57852296770231981 -0.037648485324816627 0.018569829872197324 0.76980035891949972 1.3967749969686734 1.1832852711096158 1.8483068388156074 2.0656101464502687 -0.42232678481163466 3.1446340130741524 0.19225509771368812 0.44865622044562425 -0.54661041248665065 0.043734255121816439 -0.74490837418667066 0.76980035891949972 1.3967749969686734
FAMILY_PRIORS 1 "spd" 2 1 -3.786945815241499 0.125 1 1 0.17737979625105829 1
ACTION "pcg-jacobi-cpu-v1" 50 80 2 1 1 0.24165633154658081 0.00017386646273869828 1.1129041164981932 1 -0.028809553345626071 -1
COST -2.9306033018005961 -0.25056901783138918 -0.097223966445526444 0.13739957601168834 0.060007289288650019 0.40983846281355785 0.090665755454347172 0.22901862712707657 1.7338917198595932e-15 -0.043309120275392167 0.19285504868560963 -3.0280482600701584e-15 3.3035954890701314e-16 0.043562842707948184 0.33736203883065319 0.023363928756720668
PASS -0.82723747106867263 -0.10386874783112157 -0.79006784487145787 -1.3871993693318831 0.43877892086533865 -1.3254579280043253 0.30575290213737244 -0.2842203594886063 0.47857587675721114 0.0028403345589421386 0.11067531881072804 -0.636807702140325 -1.1554646161443185 -0.2635213461585213 4.6953609893738335 -0.020784784241792767
SUPPORT_MIN -0.072392955476595938 0.87825912242986015 0.84088870608356536 -0.89553318215687128 -0.89142011377408581 -0.9212691910849089 -1.049901859643493 -0.57852296770232037 -0.037648485324816613 -1.3072288500528946 0.76980035891949938 1.3967749969686734 -0.38421518298998419 -1.6373620592441953 -1
SUPPORT_MAX 1.6501653873570299 1.8483068388156065 2.0656101464502687 -0.42232678481163488 3.1446340130741501 0.19225509771368821 0.52450646200907125 -0.54661041248665099 0.26008380056123415 0.018569829872197317 0.76980035891949938 1.3967749969686734 0.49170598908025287 1.962282220161933 1
JOINT_SUPPORT 12 3 0.64040751913261162 0 1 2 3 4 5 6 7 8 9 10 11 1.6501653873570294 1.5466336723784568 0.84088870608356492 -0.89553318215687094 -0.89142011377408592 -0.92126919108490957 -1.049901859643493 -0.57852296770231981 0.26008380056123426 -1.3072288500528944 0.76980035891949972 1.3967749969686734 -0.072392955476595883 0.87825912242986015 1.7854539520550943 -0.48300789196099603 1.926049777131071 -0.29797962871652989 0.52450646200907147 -0.57852296770231981 -0.037648485324816627 0.018569829872197324 0.76980035891949972 1.3967749969686734 1.1832852711096158 1.8483068388156074 2.0656101464502687 -0.42232678481163466 3.1446340130741524 0.19225509771368812 0.44865622044562425 -0.54661041248665065 0.043734255121816439 -0.74490837418667066 0.76980035891949972 1.3967749969686734
FAMILY_PRIORS 1 "spd" 2 1 -3.5735911061690246 0.125 1 1 0.29368681685421794 1
ACTION "pcg-jacobi-cpu-v1" 100 80 2 1 1 0.2814633022649482 0.00017386646273869828 1.5523266054495055 1 0.47391981108538417 -1
COST -2.8186618269097368 -0.25952435063800011 -0.10069874949665471 0.14231023472488924 0.062151948876069556 0.42448608311079217 0.093906148146483695 0.23720374930453689 1.5203802700781688e-15 -0.044856987561557177 0.1997476851310982 -2.6995348141565269e-15 4.2004062752282101e-16 0.049413722931074724 0.35377914554256817 0.014594310764700342
PASS -0.82723747106867263 -0.10386874783112157 -0.79006784487145787 -1.3871993693318831 0.43877892086533865 -1.3254579280043253 0.30575290213737244 -0.2842203594886063 0.47857587675721114 0.0028403345589421386 0.11067531881072804 -0.636807702140325 -1.1554646161443185 -0.2635213461585213 4.6953609893738335 -0.020784784241792767
SUPPORT_MIN -0.072392955476595938 0.87825912242986015 0.84088870608356536 -0.89553318215687128 -0.89142011377408581 -0.9212691910849089 -1.049901859643493 -0.57852296770232037 -0.037648485324816613 -1.3072288500528946 0.76980035891949938 1.3967749969686734 -0.38421518298998419 -1.6373620592441953 -1
SUPPORT_MAX 1.6501653873570299 1.8483068388156065 2.0656101464502687 -0.42232678481163488 3.1446340130741501 0.19225509771368821 0.52450646200907125 -0.54661041248665099 0.26008380056123415 0.018569829872197317 0.76980035891949938 1.3967749969686734 0.49170598908025287 1.962282220161933 1
JOINT_SUPPORT 12 3 0.64040751913261162 0 1 2 3 4 5 6 7 8 9 10 11 1.6501653873570294 1.5466336723784568 0.84088870608356492 -0.89553318215687094 -0.89142011377408592 -0.92126919108490957 -1.049901859643493 -0.57852296770231981 0.26008380056123426 -1.3072288500528944 0.76980035891949972 1.3967749969686734 -0.072392955476595883 0.87825912242986015 1.7854539520550943 -0.48300789196099603 1.926049777131071 -0.29797962871652989 0.52450646200907147 -0.57852296770231981 -0.037648485324816627 0.018569829872197324 0.76980035891949972 1.3967749969686734 1.1832852711096158 1.8483068388156074 2.0656101464502687 -0.42232678481163466 3.1446340130741524 0.19225509771368812 0.44865622044562425 -0.54661041248665065 0.043734255121816439 -0.74490837418667066 0.76980035891949972 1.3967749969686734
FAMILY_PRIORS 1 "spd" 2 1 -3.5011395370915248 0.125 1 1 0.39183033965341246 1
ACTION "pcg-jacobi-cpu-v1" 250 80 2 1 1 0.22870244519770408 0.0026261460182854107 1.5761713473256076 1 0.51158095123382297 1
COST -2.8335434970123958 -0.26352750566968147 -0.10225202457369616 0.14450536566654426 0.06311064075319181 0.43103376773193003 0.095354647559098726 0.24086260975530988 2.82279541100453e-15 -0.04554890519865628 0.20282878695770251 -2.5411125311234428e-15 -2.4624210733722077e-15 0.050588086191276894 0.35945838564434524 0.026784882627302151
PASS -0.32596084870043474 -0.092872484551194096 -0.33146983501399385 -0.5181218704500643 0.1853343135577166 -0.43731527571716178 0.13927304424609241 -0.064515892964325583 0.18857583754497226 -0.0078590584963362641 0.083590048562690797 -0.25092477832332782 -0.45529396345541862 1.1684638905767077 2.5632196325301915 0.9588945745130566
SUPPORT_MIN -0.072392955476595938 0.87825912242986015 0.84088870608356536 -0.89553318215687128 -0.89142011377408581 -0.9212691910849089 -1.049901859643493 -0.57852296770232037 -0.037648485324816613 -1.3072288500528946 0.76980035891949938 1.3967749969686734 -0.38421518298998419 -1.6373620592441953 -1
SUPPORT_MAX 1.6501653873570299 1.8483068388156065 2.0656101464502687 -0.42232678481163488 3.1446340130741501 0.19225509771368821 0.52450646200907125 -0.54661041248665099 0.26008380056123415 0.018569829872197317 0.76980035891949938 1.3967749969686734 0.49170598908025287 1.962282220161933 1
JOINT_SUPPORT 12 3 0.64040751913261162 0 1 2 3 4 5 6 7 8 9 10 11 1.6501653873570294 1.5466336723784568 0.84088870608356492 -0.89553318215687094 -0.89142011377408592 -0.92126919108490957 -1.049901859643493 -0.57852296770231981 0.26008380056123426 -1.3072288500528944 0.76980035891949972 1.3967749969686734 -0.072392955476595883 0.87825912242986015 1.7854539520550943 -0.48300789196099603 1.926049777131071 -0.29797962871652989 0.52450646200907147 -0.57852296770231981 -0.037648485324816627 0.018569829872197324 0.76980035891949972 1.3967749969686734 1.1832852711096158 1.8483068388156074 2.0656101464502687 -0.42232678481163466 3.1446340130741524 0.19225509771368812 0.44865622044562425 -0.54661041248665065 0.043734255121816439 -0.74490837418667066 0.76980035891949972 1.3967749969686734
FAMILY_PRIORS 1 "spd" 2 1 -3.5317777731276898 0.1875 1 1 0.29653206199686954 1
ACTION "sparse-ordered-threshold-pivot-cpu-v2" 0 120 3 2 1 0.41104962347075613 0.0053933239846456482 0.80618398878634767 0.96571611530456636 -0.4416581937710633 1
COST 3.0418741598344181 0.086302610255283685 0.018190906188797307 -0.0670176555272399 0.071504956397835467 0.098288821327656567 0.0093317553482648325 0.25621687690360045 -0.048839237380443233 -0.11243668514275067 0.2160379201041748 -0.06541435778080186 -9.8341980075118269e-16 -0.0082821262800172116 -0.0079893219760594925 0.0031046486077532507
PASS 1.7900559313490509 -1.2604721578045104 -1.4027569656765864 -1.089671844754498 0.19994826682737429 -0.7014313302166616 0.58797519636496187 -0.47284238976464399 0.068815079806995333 0.2473491677247211 1.2212987720267532 -0.41129395830647092 -1.2815635555002527 -0.58398398587338718 -0.0086477756482795584 -0.00066888305827459088
SUPPORT_MIN -1.1299124598127199 -1.0843444886968527 -1.0386407662179606 -0.98093448978583331 -0.9164717940817636 -1.4031480178123421 -1.2923246179115266 -0.54390265168770735 -1.2598439799438121 -1.3842258510412264 -1.2990381056766551 -0.71593492306937023 -0.38420695119381348 -1.6192443853542526 -1
SUPPORT_MAX -0.38795914265165776 -0.60325366979476713 -0.39594673581808865 1.2805293420661459 1.9429557214006836 1.3902138422012733 1.5555330160674865 0.52146363580117328 1.3200957677678178 1.4116072674831921 0.76980035891949938 -0.71593492306937023 2.0573233617060684 1.977113881799371 1
JOINT_SUPPORT 12 5 1.065663767030385 0 1 2 3 4 5 6 7 8 9 10 11 -0.61542563361207681 -0.60325366979476747 -0.39594673581808904 -0.98093448978583331 -0.9164717940817646 -0.51094521032440843 -1.2923246179115258 0.52146363580117272 1.3200957677678178 0.7965355929944371 0.76980035891949972 -0.71593492306937001 -1.1299124598127201 -1.0843444886968523 -0.64566366376872952 1.2805293420661459 -0.060363880429244607 1.3902138422012746 0.157109663401797 -0.41637679429699059 -1.0001234529953604 -0.24281154731488055 -1.299038105676656 -0.71593492306937001 -0.44813948420523764 -0.86232176941862826 -1.03864076621796 1.2805293420661459 0.41302579850522436 1.0526792986558415 1.5555330160674858 -0.54390265168770691 -1.2598439799438115 1.4116072674831914 -1.299038105676656 -0.71593492306937001 -0.61090008833386367 -0.61363286085651336 -0.42020879687075674 -0.9336478775355912 1.9429557214006834 -0.17336306928502404 -1.2740949405088196 -0.50389887653282239 1.297120158299478 0.84246815831502087 -1.299038105676656 -0.71593492306937001 -0.38795914265165793 -0.69900630664680008 -0.83136614822928956 -0.82489483672395281 -0.85125298892727752 -1.4031480178123419 -0.94341821404465043 -0.16394468342732946 1.0414305919409308 -1.3842258510412273 -1.299038105676656 -0.71593492306937001
FAMILY_PRIORS 1 "nonsymmetric" 2 2 3.6795927301261617 1 1 0 0.6721873381061173 0.96032279131992071
ACTION "superlu-dgssv-cpu-v1" 0 240 6 4 1 0.96054924835394462 0.00054289871540191825 4.6539599457008851 0.67959365658571169 -0.88770287089317268 1
COST -0.21860638006548755 0.14469974419506479 0.14362378496733591 0.094117707034770362 0.13544331958363437 0.21000255494150735 -0.0054178178947172353 0.25014571644890082 0.1368944648176762 -0.12513588773359749 -0.28911688169778543 -0.063245318539892278 0.086474049613303655 0.053905826300416265 0.23871304822697315 -0.11835205390280865
PASS 6.5746003214616735 0.032003789885013428 0.016773734273706951 -0.008082125564883854 0.011098256295479345 0.021365193097041477 -0.025967546618749948 0.044440731139430478 0.083385602659136374 0.012924131269157348 -0.052932564733183744 0.0034000357913449618 -0.01855277600794536 0.019343011761549823 -0.0017223190654414692 -2.2230607589420564e-05
SUPPORT_MIN -1.1299124598127199 -1.0843444886968527 -1.0386407662179606 -0.98093448978583331 -1.1749864823496998 -1.4841094935466868 -1.6118085338229042 -0.57852296770232037 -1.2897872695352026 -1.4302239841260564 -1.2990381056766551 -0.71593492306937023 -0.38421518298998419 -1.6373620592441953 -1
SUPPORT_MAX 1.6501653873570299 1.8483068388156065 2.0656101464502687 1.2805293420661459 3.1446340130741501 1.3902138422012733 1.5555330160674865 2.6962267121263959 1.3318907152441288 2.9940090456323607 0.76980035891949938 1.3967749969686734 5.5303500096529445 1.977113881799371 1
JOINT_SUPPORT 12 10 1.4862485767307572 0 1 2 3 4 5 6 7 8 9 10 11 -0.61542563361207681 -0.60325366979476747 -0.39594673581808904 -0.98093448978583331 -0.9164717940817646 -0.51094521032440843 -1.2923246179115258 0.52146363580117272 1.3200957677678178 0.7965355929944371 0.76980035891949972 -0.71593492306937001 1.6501653873570294 1.5466336723784568 0.84088870608356492 -0.89553318215687094 -0.89142011377408592 -0.92126919108490957 -1.049901859643493 -0.57852296770231981 0.26008380056123426 -1.3072288500528944 0.76980035891949972 1.3967749969686734 -1.1299124598127201 -1.0843444886968523 -0.64566366376872952 1.2805293420661459 -0.060363880429244607 1.3902138422012746 0.157109663401797 -0.41637679429699059 -1.0001234529953604 -0.24281154731488055 -1.299038105676656 -0.71593492306937001 -0.072392955476595883 0.87825912242986015 1.7854539520550943 -0.48300789196099603 1.926049777131071 -0.29797962871652989 0.52450646200907147 -0.57852296770231981 -0.037648485324816627 0.018569829872197324 0.76980035891949972 1.3967749969686734 1.366720978110846 0.61696720734597332 -0.56288420258068927 -0.58649548720622524 -0.68363741209285067 -1.4841094935466881 0.10507593006835367 2.6962267121263932 1.3318907152441286 -1.4302239841260571 0.76980035891949972 -0.71593492306937001 -0.44813948420523764 -0.86232176941862826 -1.03864076621796 1.2805293420661459 0.41302579850522436 1.0526792986558415 1.5555330160674858 -0.54390265168770691 -1.2598439799438115 1.4116072674831914 -1.299038105676656 -0.71593492306937001 0.01534312791911847 0.94135508740905516 1.7954589354389074 1.2805293420661459 -1.1749864823497 -1.3985293877127492 -1.6118085338229036 -0.57852296770231981 -1.2897872695352033 2.9940090456323638 0.76980035891949972 -0.71593492306937001 -0.61090008833386367 -0.61363286085651336 -0.42020879687075674 -0.9336478775355912 1.9429557214006834 -0.17336306928502404 -1.2740949405088196 -0.50389887653282239 1.297120158299478 0.84246815831502087 -1.299038105676656 -0.71593492306937001 -0.38795914265165793 -0.69900630664680008 -0.83136614822928956 -0.82489483672395281 -0.85125298892727752 -1.4031480178123419 -0.94341821404465043 -0.16394468342732946 1.0414305919409308 -1.3842258510412273 -1.299038105676656 -0.71593492306937001 1.1832852711096158 1.8483068388156074 2.0656101464502687 -0.42232678481163466 3.1446340130741524 0.19225509771368812 0.44865622044562425 -0.54661041248665065 0.043734255121816439 -0.74490837418667066 0.76980035891949972 1.3967749969686734
FAMILY_PRIORS 3 "nonsymmetric" 2 2 -0.27116246041705272 1 1 0 1.729194795178832 0.96032279131992071 "spd" 2 1 -0.057337082716190091 1 0 0 0.92481997403122795 1 "symmetric-indefinite" 2 1 -0.81340517506912857 1 0 0 4.8614901983966652 1
ACTION "terminal-numerical-linear-cascade-v1" 0 48 6 4 0 0.41777957201765881 0.0021412125972529727 15.706385794315723 0.68119197046756275 1.3054984366225413 1
COST 7.6262679192590461 0.1798311500796719 0.16078083818121447 0.078240963037947961 -0.15808113588878275 -0.073687712092054589 -0.16325349008743789 -0.088111360449005402 -0.00094801246136000654 0.10299803231354808 -0.036169229461483328 0.14598132230368141 0.12010734698800704 -0.013704611742030063 -0.11829310739906244 0.0508101834466144
PASS 5.1963482037590598 0.031782103292821613 0.01657960030789284 -0.0081862088314631973 0.010195089389196872 0.019514600472977681 -0.025530229767996446 0.042434152010325847 0.079932137457021893 0.012636094942533637 -0.050465509142710245 0.0035238145508542868 -0.0176882962599865 0.021842810576721224 -0.0017185986789639198 -2.425460118951367e-05
SUPPORT_MIN -1.1299124598127199 -1.0843444886968527 -1.0386407662179606 -0.98093448978583331 -1.1749864823496998 -1.4841094935466868 -1.6118085338229042 -0.57852296770232037 -1.2897872695352026 -1.4302239841260564 -1.2990381056766551 -0.71593492306937023 -0.38421518298998419 -1.6373620592441953 -1
SUPPORT_MAX 1.6501653873570299 1.8483068388156065 2.0656101464502687 1.2805293420661459 3.1446340130741501 1.3902138422012733 1.5555330160674865 2.6962267121263959 1.3318907152441288 2.9940090456323607 0.76980035891949938 1.3967749969686734 5.5303500096529445 1.977113881799371 1
JOINT_SUPPORT 12 10 1.4862485767307567 0 1 2 3 4 5 6 7 8 9 10 11 -0.61542563361207714 -0.60325366979476713 -0.39594673581808865 -0.98093448978583342 -0.9164717940817636 -0.51094521032440898 -1.2923246179115269 0.52146363580117328 1.3200957677678178 0.79653559299443633 0.76980035891949938 -0.71593492306937023 1.6501653873570297 1.5466336723784582 0.84088870608356536 -0.89553318215687128 -0.89142011377408559 -0.92126919108490868 -1.0499018596434928 -0.57852296770232037 0.26008380056123409 -1.3072288500528944 0.76980035891949938 1.3967749969686734 -1.1299124598127201 -1.0843444886968527 -0.64566366376872952 1.2805293420661459 -0.060363880429244607 1.3902138422012733 0.15710966340179702 -0.41637679429699054 -1.0001234529953598 -0.24281154731488058 -1.2990381056766551 -0.71593492306937023 -0.072392955476595952 0.87825912242986004 1.7854539520550952 -0.48300789196099603 1.9260497771310727 -0.29797962871653016 0.52450646200907125 -0.57852296770232037 -0.03764848532481662 0.018569829872197321 0.76980035891949938 1.3967749969686734 1.3667209781108447 0.61696720734597388 -0.56288420258068905 -0.5864954872062258 -0.68363741209285134 -1.4841094935466865 0.10507593006835367 2.6962267121263959 1.3318907152441286 -1.4302239841260567 0.76980035891949938 -0.71593492306937023 -0.44813948420523764 -0.8623217694186287 -1.0386407662179609 1.2805293420661459 0.41302579850522469 1.0526792986558418 1.5555330160674865 -0.54390265168770735 -1.2598439799438121 1.4116072674831921 -1.2990381056766551 -0.71593492306937023 0.01534312791911846 0.94135508740905549 1.7954589354389081 1.2805293420661459 -1.1749864823497 -1.3985293877127494 -1.6118085338229042 -0.57852296770232037 -1.2897872695352026 2.9940090456323607 0.76980035891949938 -0.71593492306937023 -0.61090008833386367 -0.61363286085651392 -0.42020879687075668 -0.93364787753559131 1.9429557214006832 -0.17336306928502393 -1.2740949405088207 -0.50389887653282195 1.297120158299478 0.84246815831501998 -1.2990381056766551 -0.71593492306937023 -0.38795914265165776 -0.69900630664679941 -0.83136614822928945 -0.82489483672395281 -0.85125298892727674 -1.4031480178123419 -0.94341821404465009 -0.16394468342732937 1.0414305919409317 -1.3842258510412262 -1.2990381056766551 -0.71593492306937023 1.1832852711096151 1.8483068388156065 2.0656101464502687 -0.42232678481163483 3.1446340130741501 0.19225509771368821 0.4486562204456242 -0.54661041248665099 0.043734255121816404 -0.74490837418667 0.76980035891949938 1.3967749969686734
FAMILY_PRIORS 3 "nonsymmetric" 2 2 5.9325653744235662 1 0.5 0 3.3842958571017596 0.96032279131992071 "spd" 2 1 9.3301138490428652 1 1 0 1.1642605591750794 1 "symmetric-indefinite" 2 1 8.5275674878397361 1 1 0 0.058634658583235653 1
ACTION_COUNT 20
END
