SMAVE_REQUEST_CONDITIONED_ROUTING_MODEL 2
FEATURES 2 "sparse:right_hand_side_roughness" "sparse:right_hand_side_sign_change_fraction"
MEANS 0.08332402445459168 0.45300123336039094
SCALES 0.216868120114702 0.27666528047528832
ACTION "accelerate-sparse-qr-cpu-v1" 0 240 6 4 1 0.22891641077315283 0.00048621868451836914 12.276338897604886 0.67953697655482814 -0.48004002169553217 1
COST 0.071170678450669586 0.23245049838290607 0.19219639183219667
PASS 6.5823016007810882 0.11088405215890883 -0.015698786172489612
SUPPORT_MIN -0.38421518298998419 -1.6373620592441953
SUPPORT_MAX 5.5303500096529445 1.977113881799371
JOINT_SUPPORT 0 0 0
FAMILY_PRIORS 3 "nonsymmetric" 2 2 -0.47920728024771914 1 0 0 6.0844353740259658 0.96032279131992071 "spd" 2 1 0.45082615666994397 1 0.75 0 0.19590721327132551 1 "symmetric-indefinite" 2 1 -0.56561513523824569 1 1 0 0.079464104281394582 1
ACTION "gmres-ilu0-cpu-v1" 20 160 4 3 1 0.52405735343276127 0.1204438895386761 1.2427443551828379 0.90454416523836156 -0.64835750543018578 1
COST -2.6631966479122897 0.37171412615341365 -0.025682639909217542
PASS -2.7562905800054414 0.57135204785973881 0.007155323112044973
SUPPORT_MIN -0.38420695119381348 -1.6192443853542526
SUPPORT_MAX 5.5303500096529445 1.977113881799371
JOINT_SUPPORT 0 0 0
FAMILY_PRIORS 2 "nonsymmetric" 2 2 -2.9993891805896866 0 0 1 7.183716285409373 1 "symmetric-indefinite" 2 1 -2.3711348884258761 0.1875 1 0 0.49120761282780967 1
ACTION "gmres-ilu0-cpu-v1" 50 160 4 3 1 0.74108017656432612 0.053490135283551954 3.833188127010644 0.83759041098323739 0.21637441554953929 1
COST -2.5202926823963128 0.46562847869160334 -0.061418984206144757
PASS -2.5162673942179601 0.87540898354869423 -0.79857008121754158
SUPPORT_MIN -0.38420695119381348 -1.6192443853542526
SUPPORT_MAX 5.5303500096529445 1.977113881799371
JOINT_SUPPORT 0 0 0
FAMILY_PRIORS 2 "nonsymmetric" 2 2 -2.9726108078565181 0 1 1 2.6676673907860016 1 "symmetric-indefinite" 2 1 -1.9084979745190958 0.25 0 0 2.897155867452788 1
ACTION "gmres-ilu0-cpu-v1" 100 160 4 3 1 0.63529664892339965 0.22787818390620757 5.9739061027886562 1 0.46922844808627662 -1
COST -2.4505961589806748 0.495944609954103 -0.070800041738566022
PASS -1.3223409778412369 4.4773953785758405 -0.94888629449692397
SUPPORT_MIN -0.38420695119381348 -1.6192443853542526
SUPPORT_MAX 5.5303500096529445 1.977113881799371
JOINT_SUPPORT 0 0 0
FAMILY_PRIORS 2 "nonsymmetric" 2 2 -2.9947524611138365 0 1 1 1.645941772697836 1 "symmetric-indefinite" 2 1 -1.77338686058314 0.5 0 0 3.4362308046267414 1
ACTION "gmres-ilu0-cpu-v1" 250 160 4 3 1 0.62900397145421338 0.22787818390620757 7.0477258426483758 1 0.57596812161057298 -1
COST -2.4455599068402285 0.49946390285878955 -0.074431512055955787
PASS -1.3223409778412369 4.4773953785758405 -0.94888629449692397
SUPPORT_MIN -0.38420695119381348 -1.6192443853542526
SUPPORT_MAX 5.5303500096529445 1.977113881799371
JOINT_SUPPORT 0 0 0
FAMILY_PRIORS 2 "nonsymmetric" 2 2 -2.9752188466317699 0 1 1 1.3924188636938568 1 "symmetric-indefinite" 2 1 -1.7699159518664511 0.5 0 0 3.4333788744252596 1
ACTION "gmres-ilut-cpu-v1" 20 120 3 3 1 0.94222460246811135 0.28022007504296537 90.18399855939505 1 1.3862943611198906 1
COST -4.2068394516475625 -0.17134014674924497 0.033351345484124363
PASS -5.5719033622460525 1.6337967691356685 -0.014581516020902522
SUPPORT_MIN -0.38420695119381348 -1.6192443853542526
SUPPORT_MAX 2.0573233617060684 1.977113881799371
JOINT_SUPPORT 0 0 0
FAMILY_PRIORS 2 "nonsymmetric" 2 2 -6.0458577054067568 0 1 1 15.915381926918105 1 "symmetric-indefinite" 1 1 -0.26455494854070638 0 1 0 77.596134645531947 1
ACTION "gmres-ilut-cpu-v1" 50 120 3 3 1 0.94393236498647504 0.44688674170963205 89.729722835082896 1 1.3862943611198906 1
COST -4.2326154464707519 -0.17313636862672499 0.035740945735626098
PASS -5.5719033622460525 1.6337967691356685 -0.014581516020902522
SUPPORT_MIN -0.38420695119381348 -1.6192443853542526
SUPPORT_MAX 2.0573233617060684 1.977113881799371
JOINT_SUPPORT 0 0 0
FAMILY_PRIORS 2 "nonsymmetric" 2 2 -6.2316319351013663 0 1 1 16.008415470532363 1 "symmetric-indefinite" 1 1 -0.27211164407227223 0 1 0 76.2123879170435 1
ACTION "gmres-ilut-cpu-v1" 100 120 3 3 1 0.9457668699825903 0.53022007504296542 85.544983510863034 1 1.3862943611198906 1
COST -4.2380758070318905 -0.17179965697429583 0.04105484974434704
PASS -5.5719033622460525 1.6337967691356685 -0.014581516020902522
SUPPORT_MIN -0.38420695119381348 -1.6192443853542526
SUPPORT_MAX 2.0573233617060684 1.977113881799371
JOINT_SUPPORT 0 0 0
FAMILY_PRIORS 2 "nonsymmetric" 2 2 -6.2535469966400461 0 1 1 16.65872386272811 1 "symmetric-indefinite" 1 1 -0.27117133667579518 0 1 0 68.506609834633338 1
ACTION "gmres-ilut-cpu-v1" 250 120 3 3 1 0.94908808778366338 0.53022007504296542 85.388878408413873 1 1.3862943611198906 1
COST -4.2762292983889125 -0.1724513790887732 0.041096502559097803
PASS -5.5719033622460525 1.6337967691356685 -0.014581516020902522
SUPPORT_MIN -0.38420695119381348 -1.6192443853542526
SUPPORT_MAX 2.0573233617060684 1.977113881799371
JOINT_SUPPORT 0 0 0
FAMILY_PRIORS 2 "nonsymmetric" 2 2 -6.2994761564473301 0 1 1 17.144822061118024 1 "symmetric-indefinite" 1 1 -0.28361662700872903 0 1 0 69.557669135945218 1
ACTION "pcg-ic0-cpu-v1" 20 80 2 1 1 6.3087179697382822 0.0638191493166297 14.535184408384422 1 -1.3862943611198906 -1
COST -1.1515509244980331 0.17375451074930837 0.39604908760681728
PASS -6.0394650757060218 -2.555981480258672 4.4535850120521143
SUPPORT_MIN -0.38421518298998419 -1.6373620592441953
SUPPORT_MAX 0.49170598908025287 1.962282220161933
JOINT_SUPPORT 0 0 0
FAMILY_PRIORS 1 "spd" 2 1 -1.5635007354833856 0.125 1 1 6.301594119919061 1
ACTION "pcg-ic0-cpu-v1" 50 80 2 1 1 6.5694813175837403 0.42761832101363267 18.199281562947789 1 -1.3862943611198906 -1
COST -1.0608826781958578 0.19632880570279013 0.4040653566170328
PASS 3.1523692104926582 12.313309492184661 2.7316097325288045
SUPPORT_MIN -0.38421518298998419 -1.6373620592441953
SUPPORT_MAX 0.49170598908025287 1.962282220161933
JOINT_SUPPORT 0 0 0
FAMILY_PRIORS 1 "spd" 2 1 -1.4630042006625184 0.625 1 1 6.5654179889785684 1
ACTION "pcg-ic0-cpu-v1" 100 80 2 1 1 6.7872780895727027 0.42761832101363267 17.257063113096354 1 -1.3862943611198906 -1
COST -1.0663509530065167 0.19783133825615104 0.4013275203357472
PASS 3.1523692104926582 12.313309492184661 2.7316097325288045
SUPPORT_MIN -0.38421518298998419 -1.6373620592441953
SUPPORT_MAX 0.49170598908025287 1.962282220161933
JOINT_SUPPORT 0 0 0
FAMILY_PRIORS 1 "spd" 2 1 -1.4775756537881233 0.625 1 1 6.7843209555141337 1
ACTION "pcg-ic0-cpu-v1" 250 80 2 1 1 6.7740727401072194 0.42761832101363267 16.716169119011251 1 -1.3862943611198906 -1
COST -1.0718761842931803 0.19632456858698508 0.40190535642642577
PASS 3.1523692104926582 12.313309492184661 2.7316097325288045
SUPPORT_MIN -0.38421518298998419 -1.6373620592441953
SUPPORT_MAX 0.49170598908025287 1.962282220161933
JOINT_SUPPORT 0 0 0
FAMILY_PRIORS 1 "spd" 2 1 -1.4862276983356288 0.625 1 1 6.7622529137498866 1
ACTION "pcg-jacobi-cpu-v1" 20 80 2 1 1 0.10433441160905391 0.0638191493166297 1.6808584584873707 1 0.8899877119234727 -1
COST -3.3652810556275337 0.28266217022017776 0.43369457526115385
PASS -6.0394650757060218 -2.555981480258672 4.4535850120521143
SUPPORT_MIN -0.38421518298998419 -1.6373620592441953
SUPPORT_MAX 0.49170598908025287 1.962282220161933
JOINT_SUPPORT 0 0 0
FAMILY_PRIORS 1 "spd" 2 1 -3.7877551693539728 0.125 1 1 0.11650796796301795 1
ACTION "pcg-jacobi-cpu-v1" 50 80 2 1 1 0.25028973353711359 0.0638191493166297 1.131707420549471 1 1.2800054419553266 -1
COST -3.1290331369941478 0.30107520005683724 0.43615318521017521
PASS -6.0394650757060218 -2.555981480258672 4.4535850120521143
SUPPORT_MIN -0.38421518298998419 -1.6373620592441953
SUPPORT_MAX 0.49170598908025287 1.962282220161933
JOINT_SUPPORT 0 0 0
FAMILY_PRIORS 1 "spd" 2 1 -3.5419813522318706 0.125 1 1 0.31148903033288022 1
ACTION "pcg-jacobi-cpu-v1" 100 80 2 1 1 0.41138532200928313 0.0638191493166297 0.56254169048895164 1 1.3862943611198906 -1
COST -3.0664487444566624 0.31569391229657129 0.44580054077070941
PASS -6.0394650757060218 -2.555981480258672 4.4535850120521143
SUPPORT_MIN -0.38421518298998419 -1.6373620592441953
SUPPORT_MAX 0.49170598908025287 1.962282220161933
JOINT_SUPPORT 0 0 0
FAMILY_PRIORS 1 "spd" 2 1 -3.5453134495654339 0.125 1 1 0.64930556593811029 1
ACTION "pcg-jacobi-cpu-v1" 250 80 2 1 1 0.42746838782254948 1.1102230246251565e-16 0.80884441676563246 1 1.3862943611198906 -0.6673014567239568
COST -3.0446623160814106 0.31533671308186939 0.45043455532409382
PASS -2.716363050000373 0.22359709814482387 2.4056815798713491
SUPPORT_MIN -0.38421518298998419 -1.6373620592441953
SUPPORT_MAX 0.49170598908025287 1.962282220161933
JOINT_SUPPORT 0 0 0
FAMILY_PRIORS 1 "spd" 2 1 -3.5504785916964923 0.1875 1 1 0.62902788773230089 1
ACTION "sparse-ordered-threshold-pivot-cpu-v2" 0 120 3 2 1 0.62257666140579981 0.0073363103692134501 1.9822101693137291 0.96765910168913416 -1.0159778413474401 1
COST 3.3088120731858615 0.018050236107717173 -0.011708636111692407
PASS 5.5719033622460499 -1.6337967691356587 0.01458151602089958
SUPPORT_MIN -0.38420695119381348 -1.6192443853542526
SUPPORT_MAX 2.0573233617060684 1.977113881799371
JOINT_SUPPORT 0 0 0
FAMILY_PRIORS 1 "nonsymmetric" 2 2 3.6621042417318428 1 1 0 1.2300146480957914 0.96032279131992071
ACTION "superlu-dgssv-cpu-v1" 0 240 6 4 1 0.75088639323896833 0.00048621868451836914 11.560608968618132 0.67953697655482814 -0.52970629527361757 1
COST -0.17915444504063641 0.19297595958476274 0.21220538367465105
PASS 6.5823016007810882 0.11088405215890883 -0.015698786172489612
SUPPORT_MIN -0.38421518298998419 -1.6373620592441953
SUPPORT_MAX 5.5303500096529445 1.977113881799371
JOINT_SUPPORT 0 0 0
FAMILY_PRIORS 3 "nonsymmetric" 2 2 -0.2614908786970952 1 1 0 6.3574010718652385 0.96032279131992071 "spd" 2 1 -0.053212879474494656 1 0.75 0 0.15116851109262847 1 "symmetric-indefinite" 2 1 -0.80888287713829921 1 1 0 3.1569781433357198 1
ACTION "terminal-numerical-linear-cascade-v1" 0 48 6 4 0 0.67603400683968484 0.0019296772930081918 24.807243257824585 0.68098043516331797 1.3862943611198906 1
COST 7.6749574795920044 0.070560288992315298 -0.12121975031640249
PASS 5.2038272463097943 0.1068425156372713 -0.01395186132161156
SUPPORT_MIN -0.38421518298998419 -1.6373620592441953
SUPPORT_MAX 5.5303500096529445 1.977113881799371
JOINT_SUPPORT 0 0 0
FAMILY_PRIORS 3 "nonsymmetric" 2 2 5.9062256304028091 1 0.5 0 3.4794882124774578 0.96032279131992071 "spd" 2 1 9.2794080951937126 1 0 0 2.1196809308949724 1 "symmetric-indefinite" 2 1 8.4747810554496219 1 1 0 0.065165405696878134 1
ACTION_COUNT 20
END
