SMAVE_REQUEST_CONDITIONED_ROUTING_MODEL 2
FEATURES 3 "sparse:log_rows" "sparse:log_nonzeros" "sparse:log_average_row_nonzeros"
MEANS 6.6689092219823776 8.9832323192622656 2.4379861762962403
SCALES 1.1048415404827079 1.6692486526592154 0.80904600659284287
ACTION "accelerate-sparse-qr-cpu-v1" 0 240 6 4 1 0.62994117690175788 0.0005181359450496803 2.8711090169477989 0.67956889381535945 -0.98433407516926164 1
COST 0.054371341499566302 0.29250725297050317 0.24596638289511941 0.11948421844823395
PASS 6.582243104485836 0.094804372250812105 0.035608390355471135 -0.052142539677137903
SUPPORT_MIN -1.1299124598127199 -1.0843444886968527 -1.0386407662179606
SUPPORT_MAX 1.6501653873570299 1.8483068388156065 2.0656101464502687
JOINT_SUPPORT 3 10 0.77651493842452013 0 1 2 -0.61542563361207681 -0.60325366979476747 -0.39594673581808904 1.6501653873570294 1.5466336723784568 0.84088870608356492 -1.1299124598127201 -1.0843444886968523 -0.64566366376872952 -0.072392955476595883 0.87825912242986015 1.7854539520550943 1.366720978110846 0.61696720734597332 -0.56288420258068927 -0.44813948420523764 -0.86232176941862826 -1.03864076621796 0.01534312791911847 0.94135508740905516 1.7954589354389074 -0.61090008833386367 -0.61363286085651336 -0.42020879687075674 -0.38795914265165793 -0.69900630664680008 -0.83136614822928956 1.1832852711096158 1.8483068388156074 2.0656101464502687
FAMILY_PRIORS 3 "nonsymmetric" 2 2 -0.47920728024771914 1 1 0 2.0722084659106583 0.96032279131992071 "spd" 2 1 0.45082615666994397 1 1 0 0.71406261455205056 1 "symmetric-indefinite" 2 1 -0.56561513523824569 1 1 0 0.5472199737177309 1
ACTION "gmres-ilu0-cpu-v1" 20 160 4 3 1 0.90287283541247132 0.015458498029370826 1.1329932878453226 0.79955877372905626 -0.46699893794877911 1
COST -2.3451469666278304 0.4341820549856783 0.28319427594240587 -0.010253361817071122
PASS -3.0606461964686882 1.6660402456930412 1.96107770364615 1.6636936756725889
SUPPORT_MIN -1.1299124598127199 -1.0843444886968527 -1.0386407662179606
SUPPORT_MAX 1.3667209781108447 0.94135508740905538 1.7954589354389077
JOINT_SUPPORT 3 7 1.5804252536753891 0 1 2 -0.61542563361207681 -0.60325366979476747 -0.39594673581808904 -1.1299124598127201 -1.0843444886968523 -0.64566366376872952 1.366720978110846 0.61696720734597332 -0.56288420258068927 -0.44813948420523764 -0.86232176941862826 -1.03864076621796 0.01534312791911847 0.94135508740905516 1.7954589354389074 -0.61090008833386367 -0.61363286085651336 -0.42020879687075674 -0.38795914265165793 -0.69900630664680008 -0.83136614822928956
FAMILY_PRIORS 2 "nonsymmetric" 2 2 -2.9993891805896866 0 0 1 7.183716285409373 1 "symmetric-indefinite" 2 1 -2.3711348884258761 0.1875 1 0 1.037648300204822 1
ACTION "gmres-ilu0-cpu-v1" 50 160 4 3 1 0.72869780323266187 0.013429702036429569 6.5975537743620603 0.797529977736115 0.46827999725159786 1
COST -2.1060654193558292 0.55394906488513795 0.36924632583567196 0.00099342405760307435
PASS -2.9126124818738646 1.8598132845290012 2.0542771818840313 1.5932548539848377
SUPPORT_MIN -1.1299124598127199 -1.0843444886968527 -1.0386407662179606
SUPPORT_MAX 1.3667209781108447 0.94135508740905538 1.7954589354389077
JOINT_SUPPORT 3 7 1.5804252536753891 0 1 2 -0.61542563361207681 -0.60325366979476747 -0.39594673581808904 -1.1299124598127201 -1.0843444886968523 -0.64566366376872952 1.366720978110846 0.61696720734597332 -0.56288420258068927 -0.44813948420523764 -0.86232176941862826 -1.03864076621796 0.01534312791911847 0.94135508740905516 1.7954589354389074 -0.61090008833386367 -0.61363286085651336 -0.42020879687075674 -0.38795914265165793 -0.69900630664680008 -0.83136614822928956
FAMILY_PRIORS 2 "nonsymmetric" 2 2 -2.9726108078565181 0 1 1 2.6859937377667364 1 "symmetric-indefinite" 2 1 -1.9084979745190958 0.25 0 0 2.897155867452788 1
ACTION "gmres-ilu0-cpu-v1" 100 160 4 3 1 0.5989465982200628 5.5511151231257827e-17 11.799755316297222 0.78410027569968554 0.85018555828869968 0.89308731536237529
COST -2.0039755492730382 0.60369767609681357 0.40147652130684702 -0.00033078342934346488
PASS -1.1718288018823593 4.191613475410648 3.2155787590085092 0.81830679145312879
SUPPORT_MIN -1.1299124598127199 -1.0843444886968527 -1.0386407662179606
SUPPORT_MAX 1.3667209781108447 0.94135508740905538 1.7954589354389077
JOINT_SUPPORT 3 7 1.5804252536753891 0 1 2 -0.61542563361207681 -0.60325366979476747 -0.39594673581808904 -1.1299124598127201 -1.0843444886968523 -0.64566366376872952 1.366720978110846 0.61696720734597332 -0.56288420258068927 -0.44813948420523764 -0.86232176941862826 -1.03864076621796 0.01534312791911847 0.94135508740905516 1.7954589354389074 -0.61090008833386367 -0.61363286085651336 -0.42020879687075674 -0.38795914265165793 -0.69900630664680008 -0.83136614822928956
FAMILY_PRIORS 2 "nonsymmetric" 2 2 -2.9947524611138365 0 1 1 1.3840915583887485 1 "symmetric-indefinite" 2 1 -1.77338686058314 0.5 0 0 3.4362308046267414 1
ACTION "gmres-ilu0-cpu-v1" 250 160 4 3 1 0.58816068836018709 5.5511151231257827e-17 13.63913613575137 0.78410027569968554 0.95982535896448828 0.89308731536237529
COST -1.9949366249701461 0.60477942303042376 0.40393071241447437 0.0026087891776000066
PASS -1.1718288018823593 4.191613475410648 3.2155787590085092 0.81830679145312879
SUPPORT_MIN -1.1299124598127199 -1.0843444886968527 -1.0386407662179606
SUPPORT_MAX 1.3667209781108447 0.94135508740905538 1.7954589354389077
JOINT_SUPPORT 3 7 1.5804252536753891 0 1 2 -0.61542563361207681 -0.60325366979476747 -0.39594673581808904 -1.1299124598127201 -1.0843444886968523 -0.64566366376872952 1.366720978110846 0.61696720734597332 -0.56288420258068927 -0.44813948420523764 -0.86232176941862826 -1.03864076621796 0.01534312791911847 0.94135508740905516 1.7954589354389074 -0.61090008833386367 -0.61363286085651336 -0.42020879687075674 -0.38795914265165793 -0.69900630664680008 -0.83136614822928956
FAMILY_PRIORS 2 "nonsymmetric" 2 2 -2.9752188466317699 0 1 1 1.135760488045837 1 "symmetric-indefinite" 2 1 -1.7699159518664511 0.5 0 0 3.4333788744252596 1
ACTION "gmres-ilut-cpu-v1" 20 120 3 3 1 0.92075926486525472 0.013848405943143627 1727.554296485331 0.79794868164282906 1.3862943611198906 1
COST -3.1262843462739061 0.18782952873547493 0.50559531790429757 0.66603071020283622
PASS -2.9440476783560401 1.8185903852645486 2.0343914932723766 1.6081328721588848
SUPPORT_MIN -1.1299124598127199 -1.0843444886968527 -1.0386407662179606
SUPPORT_MAX 0.01534312791911846 0.94135508740905538 1.7954589354389077
JOINT_SUPPORT 3 6 1.5901723448913392 0 1 2 -0.61542563361207681 -0.60325366979476747 -0.39594673581808904 -1.1299124598127201 -1.0843444886968523 -0.64566366376872952 -0.44813948420523764 -0.86232176941862826 -1.03864076621796 0.01534312791911847 0.94135508740905516 1.7954589354389074 -0.61090008833386367 -0.61363286085651336 -0.42020879687075674 -0.38795914265165793 -0.69900630664680008 -0.83136614822928956
FAMILY_PRIORS 2 "nonsymmetric" 2 2 -6.0458577054067568 0 1 1 10.807720167905774 1 "symmetric-indefinite" 1 1 -0.26455494854070638 0 0 0 1236.6761182980238 1
ACTION "gmres-ilut-cpu-v1" 50 120 3 3 1 0.92962671456494195 0.18051507260981031 1754.3493233804077 0.96461534830949569 1.3862943611198906 1
COST -3.145131681176192 0.18723454412037538 0.5087137277024526 0.67214423228574705
PASS -2.9440476783560401 1.8185903852645486 2.0343914932723766 1.6081328721588848
SUPPORT_MIN -1.1299124598127199 -1.0843444886968527 -1.0386407662179606
SUPPORT_MAX 0.01534312791911846 0.94135508740905538 1.7954589354389077
JOINT_SUPPORT 3 6 1.5901723448913392 0 1 2 -0.61542563361207681 -0.60325366979476747 -0.39594673581808904 -1.1299124598127201 -1.0843444886968523 -0.64566366376872952 -0.44813948420523764 -0.86232176941862826 -1.03864076621796 0.01534312791911847 0.94135508740905516 1.7954589354389074 -0.61090008833386367 -0.61363286085651336 -0.42020879687075674 -0.38795914265165793 -0.69900630664680008 -0.83136614822928956
FAMILY_PRIORS 2 "nonsymmetric" 2 2 -6.2316319351013663 0 1 1 13.211095591364412 1 "symmetric-indefinite" 1 1 -0.27211164407227223 0 0 0 1222.5805870405616 1
ACTION "gmres-ilut-cpu-v1" 100 120 3 3 1 0.93416039294681397 0.26384840594314368 1679.0724007170134 1 1.3862943611198906 1
COST -3.1518268997291332 0.18924135491460597 0.50845948155193244 0.66940594372341566
PASS -2.9440476783560401 1.8185903852645486 2.0343914932723766 1.6081328721588848
SUPPORT_MIN -1.1299124598127199 -1.0843444886968527 -1.0386407662179606
SUPPORT_MAX 0.01534312791911846 0.94135508740905538 1.7954589354389077
JOINT_SUPPORT 3 6 1.5901723448913392 0 1 2 -0.61542563361207681 -0.60325366979476747 -0.39594673581808904 -1.1299124598127201 -1.0843444886968523 -0.64566366376872952 -0.44813948420523764 -0.86232176941862826 -1.03864076621796 0.01534312791911847 0.94135508740905516 1.7954589354389074 -0.61090008833386367 -0.61363286085651336 -0.42020879687075674 -0.38795914265165793 -0.69900630664680008 -0.83136614822928956
FAMILY_PRIORS 2 "nonsymmetric" 2 2 -6.2535469966400461 0 1 1 14.188429495168025 1 "symmetric-indefinite" 1 1 -0.27117133667579518 0 0 0 1138.597781449698 1
ACTION "gmres-ilut-cpu-v1" 250 120 3 3 1 0.93627094087160989 0.26384840594314368 1645.4539573950026 1 1.3862943611198906 1
COST -3.1835690586722292 0.18911653192099168 0.51147413070804193 0.67480093324713308
PASS -2.9440476783560401 1.8185903852645486 2.0343914932723766 1.6081328721588848
SUPPORT_MIN -1.1299124598127199 -1.0843444886968527 -1.0386407662179606
SUPPORT_MAX 0.01534312791911846 0.94135508740905538 1.7954589354389077
JOINT_SUPPORT 3 6 1.5901723448913392 0 1 2 -0.61542563361207681 -0.60325366979476747 -0.39594673581808904 -1.1299124598127201 -1.0843444886968523 -0.64566366376872952 -0.44813948420523764 -0.86232176941862826 -1.03864076621796 0.01534312791911847 0.94135508740905516 1.7954589354389074 -0.61090008833386367 -0.61363286085651336 -0.42020879687075674 -0.38795914265165793 -0.69900630664680008 -0.83136614822928956
FAMILY_PRIORS 2 "nonsymmetric" 2 2 -6.2994761564473301 0 1 1 14.691437092144689 1 "symmetric-indefinite" 1 1 -0.28361662700872903 0 0 0 1144.5048347114439 1
ACTION "pcg-ic0-cpu-v1" 20 80 2 1 1 5.516848072907603 0.0021793746580372184 7.5935391589185643 1 -1.3862943611198906 -1
COST -1.008406171304673 -0.35401186508354715 -0.13736110709170518 0.19412248404277863
PASS -1.0069173476046656 1.5605869785417728 -0.30709043763115745 -2.6135814815540961
SUPPORT_MIN -0.072392955476595938 0.87825912242986015 0.84088870608356536
SUPPORT_MAX 1.6501653873570299 1.8483068388156065 2.0656101464502687
JOINT_SUPPORT 3 3 0.77651493842452013 0 1 2 1.6501653873570294 1.5466336723784568 0.84088870608356492 -0.072392955476595883 0.87825912242986015 1.7854539520550943 1.1832852711096158 1.8483068388156074 2.0656101464502687
FAMILY_PRIORS 1 "spd" 2 1 -1.5635007354833856 0.125 1 1 5.5168474166147332 1
ACTION "pcg-ic0-cpu-v1" 50 80 2 1 1 6.1945155435779196 0.91957873062953799 9.435008430217021 1 -1.3862943611198906 -1
COST -0.90102433181221464 -0.39039758805281166 -0.15147923047214851 0.21407460323183317
PASS 0.84493094025513804 -2.4363904263120562 -0.17954858028789514 2.8110395481805579
SUPPORT_MIN -0.072392955476595938 0.87825912242986015 0.84088870608356536
SUPPORT_MAX 1.6501653873570299 1.8483068388156065 2.0656101464502687
JOINT_SUPPORT 3 3 0.77651493842452013 0 1 2 1.6501653873570294 1.5466336723784568 0.84088870608356492 -0.072392955476595883 0.87825912242986015 1.7854539520550943 1.1832852711096158 1.8483068388156074 2.0656101464502687
FAMILY_PRIORS 1 "spd" 2 1 -1.4630042006625184 0.625 1 0 6.1945121253784388 1
ACTION "pcg-ic0-cpu-v1" 100 80 2 1 1 6.1314238196002613 0.91957873062953799 8.9502289233125758 1 -1.3862943611198906 -1
COST -0.90423603373825334 -0.39448061875585211 -0.15306349832578825 0.21631353401543843
PASS 0.84493094025513804 -2.4363904263120562 -0.17954858028789514 2.8110395481805579
SUPPORT_MIN -0.072392955476595938 0.87825912242986015 0.84088870608356536
SUPPORT_MAX 1.6501653873570299 1.8483068388156065 2.0656101464502687
JOINT_SUPPORT 3 3 0.77651493842452013 0 1 2 1.6501653873570294 1.5466336723784568 0.84088870608356492 -0.072392955476595883 0.87825912242986015 1.7854539520550943 1.1832852711096158 1.8483068388156074 2.0656101464502687
FAMILY_PRIORS 1 "spd" 2 1 -1.4775756537881233 0.625 1 0 6.1314132476789966 1
ACTION "pcg-ic0-cpu-v1" 250 80 2 1 1 6.2065943999195987 0.91957873062953799 8.6526538606648007 1 -1.3862943611198906 -1
COST -0.91096048180224887 -0.39205353397250192 -0.15212175855453036 0.21498264154092947
PASS 0.84493094025513804 -2.4363904263120562 -0.17954858028789514 2.8110395481805579
SUPPORT_MIN -0.072392955476595938 0.87825912242986015 0.84088870608356536
SUPPORT_MAX 1.6501653873570299 1.8483068388156065 2.0656101464502687
JOINT_SUPPORT 3 3 0.77651493842452013 0 1 2 1.6501653873570294 1.5466336723784568 0.84088870608356492 -0.072392955476595883 0.87825912242986015 1.7854539520550943 1.1832852711096158 1.8483068388156074 2.0656101464502687
FAMILY_PRIORS 1 "spd" 2 1 -1.4862276983356288 0.625 1 0 6.2065697876166777 1
ACTION "pcg-jacobi-cpu-v1" 20 80 2 1 1 0.16909652782972068 0.0021793746580372184 0.32216417260741009 1 0.86409139859135742 -1
COST -3.1289902263078218 -0.55261081616910968 -0.21442002652065112 0.30302426252955494
PASS -1.0069173476046656 1.5605869785417728 -0.30709043763115745 -2.6135814815540961
SUPPORT_MIN -0.072392955476595938 0.87825912242986015 0.84088870608356536
SUPPORT_MAX 1.6501653873570299 1.8483068388156065 2.0656101464502687
JOINT_SUPPORT 3 3 0.77651493842452013 0 1 2 1.6501653873570294 1.5466336723784568 0.84088870608356492 -0.072392955476595883 0.87825912242986015 1.7854539520550943 1.1832852711096158 1.8483068388156074 2.0656101464502687
FAMILY_PRIORS 1 "spd" 2 1 -3.7877551693539728 0.125 1 1 0.19380440373470778 1
ACTION "pcg-jacobi-cpu-v1" 50 80 2 1 1 0.12243177192188083 0.0021793746580372184 0.30752268964988105 1 1.3862943611198906 -1
COST -2.8514077232757105 -0.63308594589668477 -0.2456454005914305 0.34715281760692618
PASS -1.0069173476046656 1.5605869785417728 -0.30709043763115745 -2.6135814815540961
SUPPORT_MIN -0.072392955476595938 0.87825912242986015 0.84088870608356536
SUPPORT_MAX 1.6501653873570299 1.8483068388156065 2.0656101464502687
JOINT_SUPPORT 3 3 0.77651493842452013 0 1 2 1.6501653873570294 1.5466336723784568 0.84088870608356492 -0.072392955476595883 0.87825912242986015 1.7854539520550943 1.1832852711096158 1.8483068388156074 2.0656101464502687
FAMILY_PRIORS 1 "spd" 2 1 -3.5419813522318706 0.125 1 1 0.12892786992858191 1
ACTION "pcg-jacobi-cpu-v1" 100 80 2 1 1 0.50333557374895266 0.0021793746580372184 0.62411796602122938 1 1.3862943611198906 -1
COST -2.7760496097124978 -0.66089258518804528 -0.25643473036900755 0.36240059437521449
PASS -1.0069173476046656 1.5605869785417728 -0.30709043763115745 -2.6135814815540961
SUPPORT_MIN -0.072392955476595938 0.87825912242986015 0.84088870608356536
SUPPORT_MAX 1.6501653873570299 1.8483068388156065 2.0656101464502687
JOINT_SUPPORT 3 3 0.77651493842452013 0 1 2 1.6501653873570294 1.5466336723784568 0.84088870608356492 -0.072392955476595883 0.87825912242986015 1.7854539520550943 1.1832852711096158 1.8483068388156074 2.0656101464502687
FAMILY_PRIORS 1 "spd" 2 1 -3.5453134495654339 0.125 1 1 1.0134321092761704 1
ACTION "pcg-jacobi-cpu-v1" 250 80 2 1 1 0.54616436255021139 0 0.84487204109383152 1 1.3862943611198906 0.22881197571172007
COST -2.7557720148596521 -0.6586793827993368 -0.25557597968770102 0.36118698435882735
PASS -0.36856741121105963 0.18279740784135473 -0.26312280437759356 -0.74366623232948115
SUPPORT_MIN -0.072392955476595938 0.87825912242986015 0.84088870608356536
SUPPORT_MAX 1.6501653873570299 1.8483068388156065 2.0656101464502687
JOINT_SUPPORT 3 3 0.77651493842452013 0 1 2 1.6501653873570294 1.5466336723784568 0.84088870608356492 -0.072392955476595883 0.87825912242986015 1.7854539520550943 1.1832852711096158 1.8483068388156074 2.0656101464502687
FAMILY_PRIORS 1 "spd" 2 1 -3.5504785916964923 0.1875 1 1 1.2034415012861372 1
ACTION "sparse-ordered-threshold-pivot-cpu-v2" 0 120 3 2 1 0.70387856510622115 0.0007679459889391449 2.1631891946077357 0.96109073730885985 -1.0108176632840353 1
COST 3.1669154983081569 0.14404626644010257 -0.062098766687326099 -0.27294649169904117
PASS 2.9440476783560228 -1.8185903852645617 -2.0343914932723868 -1.6081328721588988
SUPPORT_MIN -1.1299124598127199 -1.0843444886968527 -1.0386407662179606
SUPPORT_MAX -0.38795914265165776 -0.60325366979476713 -0.39594673581808865
JOINT_SUPPORT 3 5 0.15626513916229171 0 1 2 -0.61542563361207681 -0.60325366979476747 -0.39594673581808904 -1.1299124598127201 -1.0843444886968523 -0.64566366376872952 -0.44813948420523764 -0.86232176941862826 -1.03864076621796 -0.61090008833386367 -0.61363286085651336 -0.42020879687075674 -0.38795914265165793 -0.69900630664680008 -0.83136614822928956
FAMILY_PRIORS 1 "nonsymmetric" 2 2 3.6621042417318428 1 1 0 1.3919762946402081 0.96032279131992071
ACTION "superlu-dgssv-cpu-v1" 0 240 6 4 1 0.79759710917440219 0.0005181359450496803 4.1379569095394393 0.67956889381535945 -0.79082351672244477 1
COST -0.17667247832691874 0.16091109720590943 0.14806369773572328 0.10286164969871302
PASS 6.582243104485836 0.094804372250812105 0.035608390355471135 -0.052142539677137903
SUPPORT_MIN -1.1299124598127199 -1.0843444886968527 -1.0386407662179606
SUPPORT_MAX 1.6501653873570299 1.8483068388156065 2.0656101464502687
JOINT_SUPPORT 3 10 0.77651493842452013 0 1 2 -0.61542563361207681 -0.60325366979476747 -0.39594673581808904 1.6501653873570294 1.5466336723784568 0.84088870608356492 -1.1299124598127201 -1.0843444886968523 -0.64566366376872952 -0.072392955476595883 0.87825912242986015 1.7854539520550943 1.366720978110846 0.61696720734597332 -0.56288420258068927 -0.44813948420523764 -0.86232176941862826 -1.03864076621796 0.01534312791911847 0.94135508740905516 1.7954589354389074 -0.61090008833386367 -0.61363286085651336 -0.42020879687075674 -0.38795914265165793 -0.69900630664680008 -0.83136614822928956 1.1832852711096158 1.8483068388156074 2.0656101464502687
FAMILY_PRIORS 3 "nonsymmetric" 2 2 -0.2614908786970952 1 1 0 3.2325224229310381 0.96032279131992071 "spd" 2 1 -0.053212879474494656 1 1 0 0.52361779363277838 1 "symmetric-indefinite" 2 1 -0.80888287713829921 1 1 0 4.0080492447915601 1
ACTION "terminal-numerical-linear-cascade-v1" 0 48 6 4 0 0.34406170345081805 0.0020498942185431801 10.572694275619392 0.68110065208885295 1.1861121075448091 1
COST 7.6218200852512341 0.29773582608607757 0.28060968797454738 0.15320172396439707
PASS 5.2037690352533614 0.091488897811000197 0.035048265531077948 -0.049122740259801838
SUPPORT_MIN -1.1299124598127199 -1.0843444886968527 -1.0386407662179606
SUPPORT_MAX 1.6501653873570299 1.8483068388156065 2.0656101464502687
JOINT_SUPPORT 3 10 0.77651493842451969 0 1 2 -0.61542563361207714 -0.60325366979476713 -0.39594673581808865 1.6501653873570297 1.5466336723784582 0.84088870608356536 -1.1299124598127201 -1.0843444886968527 -0.64566366376872952 -0.072392955476595952 0.87825912242986004 1.7854539520550952 1.3667209781108447 0.61696720734597388 -0.56288420258068905 -0.44813948420523764 -0.8623217694186287 -1.0386407662179609 0.01534312791911846 0.94135508740905549 1.7954589354389081 -0.61090008833386367 -0.61363286085651392 -0.42020879687075668 -0.38795914265165776 -0.69900630664679941 -0.83136614822928945 1.1832852711096151 1.8483068388156065 2.0656101464502687
FAMILY_PRIORS 3 "nonsymmetric" 2 2 5.9062256304028091 1 0.5 0 4.4226889604122848 0.96032279131992071 "spd" 2 1 9.2794080951937126 1 1 0 0.52469192729891367 1 "symmetric-indefinite" 2 1 8.4747810554496219 1 0.75 0 0.062199447051906685 1
ACTION_COUNT 20
END
