SMAVE_REQUEST_CONDITIONED_ROUTING_MODEL 2
FEATURES 1 "sparse:requested_digits"
MEANS 8
SCALES 2
ACTION "accelerate-sparse-qr-cpu-v1" 0 240 6 4 1 0.23686978877356757 0.00050546946279939053 7.430036599624203 0.67955622733310916 -0.52803282616117952 1
COST 0.11081664731037338 -0.11923452531201427
PASS 6.589517333967402 8.5557180202983958e-19
SUPPORT_MIN -1
SUPPORT_MAX 1
JOINT_SUPPORT 0 0 0
FAMILY_PRIORS 3 "nonsymmetric" 2 2 -0.47920728024771914 1 0 0 6.0844353740259658 0.96032279131992071 "spd" 2 1 0.45082615666994397 1 1 0 0.13856159415951488 1 "symmetric-indefinite" 2 1 -0.56561513523824569 1 1 0 0.43743227769365312 1
ACTION "gmres-ilu0-cpu-v1" 20 160 4 3 1 0.27205678568947766 0.13759548628853466 0.90755680884870171 0.92169576198822012 -0.52563273357468221 1
COST -2.5649627171827714 -0.081341987410221417
PASS -3.8507962508574418 -2.3874580905289573
SUPPORT_MIN -1
SUPPORT_MAX 1
JOINT_SUPPORT 0 0 0
FAMILY_PRIORS 2 "nonsymmetric" 2 2 -2.9993891805896866 0 0 1 7.183716285409373 1 "symmetric-indefinite" 2 1 -2.3711348884258761 0.1875 1 0 0.20942373383678284 1
ACTION "gmres-ilu0-cpu-v1" 50 160 4 3 1 0.70482845373806302 0.0927813040472176 2.3720099743935168 0.87688157974690306 0.28802460575248845 1
COST -2.3996510417398671 -0.025212066827032163
PASS -3.6675197446457348 -2.5707345967406612
SUPPORT_MIN -1
SUPPORT_MAX 1
JOINT_SUPPORT 0 0 0
FAMILY_PRIORS 2 "nonsymmetric" 2 2 -2.9726108078565181 0 1 1 2.3878604676334936 1 "symmetric-indefinite" 2 1 -1.9084979745190958 0.25 1 1 2.1319234523857142 1
ACTION "gmres-ilu0-cpu-v1" 100 160 4 3 1 0.55757455081515128 2.7755575615628914e-16 4.0523753314245736 0.78410027569968577 0.63728399457579799 0.40363796734512591
COST -2.3225435159102421 0.016899879292234909
PASS -1.0967851479050725 -3.4804027476846595e-18
SUPPORT_MIN -1
SUPPORT_MAX 1
JOINT_SUPPORT 0 0 0
FAMILY_PRIORS 2 "nonsymmetric" 2 2 -2.9947524611138365 0 1 1 1.1684906053310218 1 "symmetric-indefinite" 2 1 -1.77338686058314 0.5 0 1 3.4362308046267414 1
ACTION "gmres-ilu0-cpu-v1" 250 160 4 3 1 0.55530860663087434 2.7755575615628914e-16 4.8531315437625766 0.78410027569968577 0.76259661099326737 0.40363796734512591
COST -2.3168565578873488 0.013402720870766891
PASS -1.0967851479050725 -3.4804027476846595e-18
SUPPORT_MIN -1
SUPPORT_MAX 1
JOINT_SUPPORT 0 0 0
FAMILY_PRIORS 2 "nonsymmetric" 2 2 -2.9752188466317699 0 1 1 0.93964247989998095 1 "symmetric-indefinite" 2 1 -1.7699159518664511 0.5 0 1 3.4333788744252596 1
ACTION "gmres-ilut-cpu-v1" 20 120 3 3 1 0.93426741068817742 0.32657731625054748 113.78821244779911 1 1.3862943611198906 1
COST -4.15519721215444 -0.012680997513153
PASS -5.9905428092243929 -5.0204587418694696e-19
SUPPORT_MIN -1
SUPPORT_MAX 1
JOINT_SUPPORT 0 0 0
FAMILY_PRIORS 2 "nonsymmetric" 2 2 -6.0458577054067568 0 1 1 14.188696559566923 1 "symmetric-indefinite" 1 1 -0.26455494854070638 0 1 0 100.69976270907425 1
ACTION "gmres-ilut-cpu-v1" 50 120 3 3 1 0.93884971042759524 0.49324398291721416 114.86347150970637 1 1.3862943611198906 1
COST -4.1804993041619252 -0.0059173773509568033
PASS -5.9905428092243929 -5.0204587418694696e-19
SUPPORT_MIN -1
SUPPORT_MAX 1
JOINT_SUPPORT 0 0 0
FAMILY_PRIORS 2 "nonsymmetric" 2 2 -6.2316319351013663 0 1 1 14.33190306293746 1 "symmetric-indefinite" 1 1 -0.27211164407227223 0 1 0 97.780026235261346 1
ACTION "gmres-ilut-cpu-v1" 100 120 3 3 1 0.93936306489520649 0.57657731625054753 110.35778337787677 1 1.3862943611198906 1
COST -4.1865469424414625 -0.004311524065292986
PASS -5.9905428092243929 -5.0204587418694696e-19
SUPPORT_MIN -1
SUPPORT_MAX 1
JOINT_SUPPORT 0 0 0
FAMILY_PRIORS 2 "nonsymmetric" 2 2 -6.2535469966400461 0 1 1 14.88835895812764 1 "symmetric-indefinite" 1 1 -0.27117133667579518 0 1 0 89.990729795530839 1
ACTION "gmres-ilut-cpu-v1" 250 120 3 3 1 0.94121584333762942 0.57657731625054753 106.38315530848584 1 1.3862943611198906 1
COST -4.2245011849736827 -0.011589881024311646
PASS -5.9905428092243929 -5.0204587418694696e-19
SUPPORT_MIN -1
SUPPORT_MAX 1
JOINT_SUPPORT 0 0 0
FAMILY_PRIORS 2 "nonsymmetric" 2 2 -6.2994761564473301 0 1 1 15.310093369496734 1 "symmetric-indefinite" 1 1 -0.28361662700872903 0 1 0 88.53151934411612 1
ACTION "pcg-ic0-cpu-v1" 20 80 2 1 1 6.1398609235424217 0.050455093309007715 8.4623284920660726 1 -1.3862943611198906 -1
COST -1.199308151012461 -0.015408686279924514
PASS -1.9348991249613212 -4.3900984482261322e-17
SUPPORT_MIN -1
SUPPORT_MAX 1
JOINT_SUPPORT 0 0 0
FAMILY_PRIORS 1 "spd" 2 1 -1.5635007354833856 0.125 1 1 6.1398608950297424 1
ACTION "pcg-ic0-cpu-v1" 50 80 2 1 1 6.8545073674265771 0.37976807925420919 10.425250910035485 1 -1.3862943611198906 -1
COST -1.1115474237849603 -0.0014455006883117344
PASS 0.5094672748356428 -3.0994455115493212e-20
SUPPORT_MIN -1
SUPPORT_MAX 1
JOINT_SUPPORT 0 0 0
FAMILY_PRIORS 1 "spd" 2 1 -1.4630042006625184 0.625 1 1 6.8545036356571707 1
ACTION "pcg-ic0-cpu-v1" 100 80 2 1 1 6.8041569653259613 0.37976807925420919 9.9084311544128933 1 -1.3862943611198906 -1
COST -1.1169609124907558 -0.0017933251574568363
PASS 0.5094672748356428 -3.0994455115493212e-20
SUPPORT_MIN -1
SUPPORT_MAX 1
JOINT_SUPPORT 0 0 0
FAMILY_PRIORS 1 "spd" 2 1 -1.4775756537881233 0.625 1 1 6.804156945410849 1
ACTION "pcg-ic0-cpu-v1" 250 80 2 1 1 6.9082072451148937 0.37976807925420919 9.5177988118085288 1 -1.3862943611198906 -1
COST -1.1223765476708936 -0.0037564093739783644
PASS 0.5094672748356428 -3.0994455115493212e-20
SUPPORT_MIN -1
SUPPORT_MAX 1
JOINT_SUPPORT 0 0 0
FAMILY_PRIORS 1 "spd" 2 1 -1.4862276983356288 0.625 1 1 6.9081886200972535 1
ACTION "pcg-jacobi-cpu-v1" 20 80 2 1 1 0.15565361530838726 0.050455093309007715 0.339238229646665 1 0.73461104138350897 -1
COST -3.4269872970831847 -0.016028226686939432
PASS -1.9348991249613212 -4.3900984482261322e-17
SUPPORT_MIN -1
SUPPORT_MAX 1
JOINT_SUPPORT 0 0 0
FAMILY_PRIORS 1 "spd" 2 1 -3.7877551693539728 0.125 1 1 0.17846443861346126 1
ACTION "pcg-jacobi-cpu-v1" 50 80 2 1 1 0.15628153011041904 0.050455093309007715 0.29047738719134325 1 1.3335959423978658 -1
COST -3.1928012535980113 0.0068867846715383648
PASS -1.9348991249613212 -4.3900984482261322e-17
SUPPORT_MIN -1
SUPPORT_MAX 1
JOINT_SUPPORT 0 0 0
FAMILY_PRIORS 1 "spd" 2 1 -3.5419813522318706 0.125 1 1 0.16355163624089233 1
ACTION "pcg-jacobi-cpu-v1" 100 80 2 1 1 0.4155559889429275 0.050455093309007715 0.57266310334968451 1 1.3862943611198906 -1
COST -3.1324379552184376 0.022730504834657096
PASS -1.9348991249613212 -4.3900984482261322e-17
SUPPORT_MIN -1
SUPPORT_MAX 1
JOINT_SUPPORT 0 0 0
FAMILY_PRIORS 1 "spd" 2 1 -3.5453134495654339 0.125 1 1 0.71102791239557728 1
ACTION "pcg-jacobi-cpu-v1" 250 80 2 1 1 0.4679895025470473 0 0.82466299841183166 1 1.3862943611198906 -0.49644069859017115
COST -3.1109668842164262 0.02806254635093906
PASS -1.5149324256074004 0.41996669935392084
SUPPORT_MIN -1
SUPPORT_MAX 1
JOINT_SUPPORT 0 0 0
FAMILY_PRIORS 1 "spd" 2 1 -3.5504785916964923 0.1875 1 1 0.87985101703218616 1
ACTION "sparse-ordered-threshold-pivot-cpu-v2" 0 120 3 2 1 0.63138937742787715 0.00091970008788666568 1.8961420267466231 0.96124249140780738 -1.0079227977453376 1
COST 3.3036427931935668 -0.013381565182266368
PASS 5.9905428092243644 3.3152542062088249e-19
SUPPORT_MIN -1
SUPPORT_MAX 1
JOINT_SUPPORT 0 0 0
FAMILY_PRIORS 1 "nonsymmetric" 2 2 3.6621042417318428 1 1 0 1.2195406258962262 0.96032279131992071
ACTION "superlu-dgssv-cpu-v1" 0 240 6 4 1 0.61036260549254862 0.00050546946279939053 5.6288481235141168 0.67955622733310916 -0.69724429481939187 1
COST -0.14467949129653226 -0.12223675221577114
PASS 6.589517333967402 8.5557180202983958e-19
SUPPORT_MIN -1
SUPPORT_MAX 1
JOINT_SUPPORT 0 0 0
FAMILY_PRIORS 3 "nonsymmetric" 2 2 -0.2614908786970952 1 1 0 4.9472918749043542 0.96032279131992071 "spd" 2 1 -0.053212879474494656 1 0.75 0 0.18313803840638995 1 "symmetric-indefinite" 2 1 -0.80888287713829921 1 0.5 0 4.9007552094770555 1
ACTION "terminal-numerical-linear-cascade-v1" 0 48 6 4 0 0.5393276929785108 0.0020036799722938925 21.301563482767303 0.68105443784260367 1.3862943611198906 1
COST 7.6816658848891919 0.053260935174606089
PASS 5.2107641129517086 0
SUPPORT_MIN -1
SUPPORT_MAX 1
JOINT_SUPPORT 0 0 0
FAMILY_PRIORS 3 "nonsymmetric" 2 2 5.9062256304028091 1 0.5 0 3.437196817491138 0.96032279131992071 "spd" 2 1 9.2794080951937126 1 0 0 2.1196809308949724 1 "symmetric-indefinite" 2 1 8.4747810554496219 1 1 0 0.1174585412971217 1
ACTION_COUNT 20
END
